國民中學校別資料																							
103 學年度 SY2014-2015																							
縣市代碼	縣市名稱	學校代碼	學校名稱	班級數	7年級	8年級	9年級	學生數	男學生	女學生	7年級男	7年級女	8年級男	8年級女	9年級男	9年級女	上學年畢業生	上學年男畢業生	上學年女畢業生	男專任教師	女專任教師	男職員	女職員
01	新北市	011503	私立裕德國中(小)	8	3	4	1	162	94	68	36	28	39	25	19	15	-	-	-	12	12	2	3
01	新北市	014501	市立板橋國中	48	15	16	17	"1,329"	715	614	216	197	249	207	250	210	419	228	191	29	78	1	8
01	新北市	014503	市立重慶國中	77	23	27	27	"2,236"	"1,102"	"1,134"	311	328	413	380	378	426	735	364	371	42	132	1	13
01	新北市	014504	市立江翠國中	76	22	27	27	"2,081"	"1,067"	"1,014"	304	287	356	363	407	364	700	363	337	41	140	3	11
01	新北市	014505	市立中山國中	89	29	30	30	"2,967"	"1,537"	"1,430"	452	432	508	505	577	493	"1,041"	538	503	48	139	1	13
01	新北市	014506	市立新埔國中	52	15	18	19	"1,470"	720	750	222	201	230	266	268	283	490	242	248	26	94	3	9
01	新北市	014507	市立新莊國中	96	30	34	32	"2,748"	"1,406"	"1,342"	394	406	496	455	516	481	930	446	484	55	152	-	13
01	新北市	014508	市立新泰國中	73	21	26	26	"2,125"	"1,162"	963	340	277	394	327	428	359	670	383	287	49	113	2	10
01	新北市	014509	市立福營國中	77	24	27	26	"2,243"	"1,215"	"1,028"	331	285	446	386	438	357	647	314	333	61	117	4	10
01	新北市	014510	市立頭前國中	56	18	18	20	"1,575"	837	738	250	225	279	247	308	266	478	233	245	34	90	2	8
01	新北市	014512	市立光榮國中	42	13	14	15	"1,152"	597	555	185	178	195	192	217	185	360	194	166	23	71	-	10
01	新北市	014513	市立明志國中	79	24	27	28	"2,369"	"1,235"	"1,134"	359	310	417	379	459	445	846	435	411	53	128	2	11
01	新北市	014514	市立碧華國中	54	16	19	19	"1,594"	849	745	234	212	299	264	316	269	564	281	283	41	84	1	11
01	新北市	014516	市立永和國中	121	36	41	44	"3,639"	"1,932"	"1,707"	548	481	670	604	714	622	"1,227"	646	581	68	199	-	14
01	新北市	014517	市立福和國中	101	32	33	36	"2,903"	"1,402"	"1,501"	439	440	473	482	490	579	"1,043"	498	545	54	161	3	11
01	新北市	014518	市立中和國中	56	17	18	21	"1,574"	823	751	244	242	260	245	319	264	564	290	274	32	90	1	10
01	新北市	014519	市立積穗國中	43	14	14	15	"1,229"	627	602	193	186	211	216	223	200	425	233	192	28	74	3	6
01	新北市	014520	市立漳和國中	42	13	15	14	"1,093"	569	524	184	163	195	179	190	182	316	160	156	22	75	-	9
01	新北市	014521	市立鶯歌國中	70	22	24	24	"2,100"	"1,091"	"1,009"	315	293	407	343	369	373	782	430	352	44	112	-	13
01	新北市	014523	市立柑園國中	14	4	5	5	370	193	177	59	46	57	59	77	72	112	57	55	9	26	-	7
01	新北市	014524	市立土城國中	54	16	19	19	"1,569"	850	719	247	225	304	235	299	259	481	243	238	35	95	2	8
01	新北市	014525	市立三峽國中	63	22	19	22	"1,934"	992	942	303	264	339	315	350	363	571	288	283	44	99	2	11
01	新北市	014527	市立八里國中	21	6	9	6	528	260	268	83	79	90	98	87	91	171	74	97	16	35	-	6
01	新北市	014528	市立泰山國中	31	11	10	10	799	416	383	146	118	125	148	145	117	272	141	131	21	52	2	6
01	新北市	014529	市立五股國中	55	16	19	20	"1,596"	834	762	229	201	293	288	312	273	545	278	267	36	87	2	8
01	新北市	014530	市立蘆洲國中	105	30	37	38	"3,056"	"1,532"	"1,524"	438	412	498	542	596	570	"1,228"	615	613	50	170	2	13
01	新北市	014531	市立林口國中	46	16	16	14	"1,390"	733	657	267	241	255	202	211	214	423	238	185	32	77	1	8
01	新北市	014533	市立汐止國中	30	10	10	10	"1,035"	558	477	173	160	184	163	201	154	328	176	152	21	47	1	7
01	新北市	014534	市立淡水國中	43	13	16	14	"1,242"	633	609	161	150	262	216	210	243	431	217	214	29	77	2	10
01	新北市	014536	市立三芝國中	30	10	10	10	827	427	400	121	124	163	140	143	136	241	133	108	22	45	2	7
01	新北市	014537	市立石門國中	6	2	2	2	116	67	49	19	13	23	16	25	20	36	23	13	3	14	2	1
01	新北市	014539	市立萬里國中	10	3	4	3	200	111	89	32	33	38	17	41	39	47	25	22	10	15	1	5
01	新北市	014540	市立坪林國中	7	3	2	2	154	91	63	23	20	34	18	34	25	47	24	23	10	9	-	2
01	新北市	014541	市立文山國中	38	13	13	12	985	579	406	195	140	198	128	186	138	345	178	167	24	73	1	7
01	新北市	014542	市立五峰國中	68	19	23	26	"2,014"	"1,123"	891	310	225	390	282	423	384	812	460	352	37	114	3	11
01	新北市	014544	市立瑞芳國中	22	7	8	7	605	310	295	105	86	102	121	103	88	183	89	94	18	33	3	6
01	新北市	014545	市立欽賢國中	6	2	2	2	85	37	48	10	18	13	10	14	20	30	15	15	9	8	-	4
01	新北市	014546	市立貢寮國中	9	3	3	3	211	106	105	37	28	36	32	33	45	62	37	25	12	11	1	3
01	新北市	014549	市立深坑國中	25	8	9	8	661	335	326	98	110	122	106	115	110	213	113	100	22	34	2	6
01	新北市	014550	市立平溪國中	4	2	1	1	38	18	20	6	6	5	9	7	5	8	7	1	11	11	1	3
01	新北市	014551	市立烏來國中(小)	3	1	1	1	78	46	32	14	12	13	11	19	9	25	10	15	4	8	1	5
01	新北市	014552	市立溪崑國中	97	28	34	35	"2,803"	"1,483"	"1,320"	415	378	494	468	574	474	974	480	494	74	133	2	10
01	新北市	014554	市立自強國中	42	12	14	16	"1,118"	582	536	178	156	200	180	204	200	400	187	213	33	63	2	8
01	新北市	014555	市立中正國中	91	26	32	33	"2,597"	"1,369"	"1,228"	371	331	487	434	511	463	"1,005"	546	459	44	152	-	13
01	新北市	014558	市立義學國中	59	17	22	20	"1,715"	948	767	283	213	335	294	330	260	575	295	280	37	101	2	10
01	新北市	014559	市立中平國中	68	21	23	24	"2,061"	"1,028"	"1,033"	286	305	362	374	380	354	673	319	354	49	108	1	10
01	新北市	014560	市立鳳鳴國中	24	7	9	8	657	354	303	113	79	124	107	117	117	208	93	115	18	38	1	8
01	新北市	014561	市立三和國中	96	32	31	33	"3,182"	"1,651"	"1,531"	477	433	593	537	581	561	"1,121"	536	585	69	141	2	12
01	新北市	014565	市立尖山國中	18	6	6	6	486	248	238	75	77	78	82	95	79	152	85	67	11	30	1	5
01	新北市	014566	市立正德國中	57	19	19	19	"1,910"	"1,017"	893	331	294	335	293	351	306	659	354	305	34	94	1	12
01	新北市	014567	市立安溪國中	43	12	15	16	"1,247"	659	588	181	153	226	211	252	224	457	237	220	29	69	2	8
01	新北市	014568	市立樟樹國中	36	10	13	13	"1,039"	562	477	145	137	209	172	208	168	337	183	154	29	56	3	7
01	新北市	014569	市立育林國中	37	12	12	13	"1,217"	630	587	185	175	213	199	232	213	413	220	193	36	48	1	8
01	新北市	014570	市立青山國中(小)	24	8	8	8	706	360	346	114	117	121	112	125	117	234	119	115	15	36	2	7
01	新北市	014571	市立崇林國中	47	14	16	17	"1,344"	683	661	199	191	222	226	262	244	510	254	256	23	81	3	7
01	新北市	014572	市立二重國中	38	12	12	14	936	524	412	166	128	173	135	185	149	261	145	116	32	54	3	7
01	新北市	014573	市立大觀國中	38	13	12	13	"1,079"	533	546	177	174	177	173	179	199	341	167	174	22	69	1	7
01	新北市	014574	市立三多國中	39	13	13	13	"1,262"	649	613	181	192	233	212	235	209	420	216	204	30	56	3	5
01	新北市	014575	市立忠孝國中	35	11	13	11	918	496	422	156	132	168	151	172	139	269	148	121	21	56	1	8
01	新北市	014576	市立鷺江國中	58	17	21	20	"1,686"	859	827	219	243	314	296	326	288	525	266	259	26	103	4	6
01	新北市	014577	市立桃子腳國中(小)	22	8	7	7	748	387	361	139	127	121	119	127	115	245	131	114	14	35	1	8
01	新北市	014578	市立豐珠國中(小)	-	-	-	-	-	-	-	-	-	-	-	-	-	-	-	-	3	12	1	5
01	新北市	014579	市立佳林國中	35	10	12	13	988	519	469	149	127	177	162	193	180	288	132	156	21	53	2	3
01	新北市	014580	市立達觀國中(小)	33	11	11	11	"1,094"	554	540	167	177	189	176	198	187	271	131	140	16	56	-	4
02	宜蘭縣	024501	縣立宜蘭國中	26	7	9	10	679	341	338	100	91	120	105	121	142	221	103	118	21	40	2	7
02	宜蘭縣	024502	縣立中華國中	38	12	13	13	"1,053"	556	497	155	159	215	162	186	176	379	191	188	28	55	2	8
02	宜蘭縣	024503	縣立復興國中	70	20	25	25	"1,887"	975	912	299	252	322	325	354	335	684	365	319	51	105	4	10
02	宜蘭縣	024504	縣立羅東國中	63	19	22	22	"1,733"	913	820	285	232	292	302	336	286	620	323	297	48	95	1	12
02	宜蘭縣	024505	縣立東光國中	36	10	13	13	993	478	515	107	148	184	169	187	198	331	180	151	32	51	4	6
02	宜蘭縣	024506	縣立國華國中	51	16	17	18	"1,456"	762	694	224	214	238	250	300	230	518	258	260	41	73	2	11
02	宜蘭縣	024507	縣立頭城國中	33	10	12	11	873	440	433	131	126	150	159	159	148	271	133	138	34	36	3	6
02	宜蘭縣	024508	縣立蘇澳國中	17	5	6	6	379	188	191	57	70	74	65	57	56	142	74	68	22	16	5	3
02	宜蘭縣	024509	縣立文化國中	22	7	7	8	596	305	291	97	99	106	85	102	107	212	115	97	23	30	2	6
02	宜蘭縣	024510	縣立南安國中	8	2	3	3	156	78	78	20	19	24	27	34	32	62	34	28	9	11	3	2
02	宜蘭縣	024511	縣立三星國中	20	7	7	6	476	248	228	73	76	84	82	91	70	147	87	60	20	28	4	4
02	宜蘭縣	024512	縣立礁溪國中	25	8	8	9	660	359	301	91	89	126	102	142	110	224	96	128	16	41	2	7
02	宜蘭縣	024513	縣立吳沙國中	9	3	3	3	232	119	113	37	39	43	36	39	38	95	44	51	13	11	2	5
02	宜蘭縣	024514	縣立冬山國中	18	6	6	6	495	283	212	84	71	101	70	98	71	169	89	80	13	28	1	6
02	宜蘭縣	024515	縣立順安國中	12	4	4	4	298	146	152	44	46	53	47	49	59	101	59	42	12	16	1	6
02	宜蘭縣	024516	縣立五結國中	17	5	6	6	422	211	211	57	54	81	74	73	83	138	65	73	17	25	3	5
02	宜蘭縣	024517	縣立興中國中	9	3	3	3	172	101	71	29	25	36	21	36	25	58	34	24	9	14	1	4
02	宜蘭縣	024518	縣立利澤國中	11	3	4	4	260	140	120	37	34	48	44	55	42	81	42	39	14	13	2	5
02	宜蘭縣	024519	縣立員山國中	19	7	6	6	458	218	240	73	74	74	79	71	87	143	70	73	16	27	1	7
02	宜蘭縣	024520	縣立內城國中(小)	6	2	2	2	82	42	40	16	13	13	9	13	18	35	16	19	7	9	1	6
02	宜蘭縣	024521	縣立壯圍國中	25	7	9	9	647	340	307	98	96	121	103	121	108	227	122	105	17	39	3	6
02	宜蘭縣	024523	縣立大同國中	3	1	1	1	84	50	34	14	11	15	11	21	12	23	13	10	7	5	1	2
02	宜蘭縣	024524	縣立凱旋國中	18	6	6	6	513	270	243	76	81	93	82	101	80	175	100	75	12	29	1	7
02	宜蘭縣	024525	縣立慈心華德福實驗國中(小)	6	2	2	2	168	84	84	24	34	30	24	30	26	52	27	25	5	10	6	7
02	宜蘭縣	024526	縣立人文國中(小)	6	2	2	2	99	52	47	16	11	17	16	19	20	28	16	12	7	4	4	7
03	桃園縣	031502	私立有得國中(小)	6	2	2	2	157	98	59	35	23	37	18	26	18	-	-	-	13	4	3	7
03	桃園縣	034501	縣立桃園國中	86	23	30	33	"2,493"	"1,302"	"1,191"	345	325	447	413	510	453	945	496	449	50	144	3	14
03	桃園縣	034502	縣立青溪國中	59	18	21	20	"1,725"	906	819	265	244	317	297	324	278	543	283	260	40	89	2	11
03	桃園縣	034503	縣立文昌國中	47	15	16	16	"1,335"	696	639	229	196	224	255	243	188	380	180	200	31	84	3	9
03	桃園縣	034504	縣立建國國中	75	25	25	25	"2,430"	"1,310"	"1,120"	397	350	434	397	479	373	849	441	408	55	113	3	12
03	桃園縣	034505	縣立中興國中	90	28	31	31	"2,696"	"1,324"	"1,372"	400	418	454	462	470	492	852	418	434	59	141	1	15
03	桃園縣	034506	縣立南崁國中	73	22	26	25	"2,118"	"1,082"	"1,036"	338	315	388	344	356	377	645	352	293	52	110	2	12
03	桃園縣	034507	縣立山腳國中	25	8	8	9	699	370	329	114	98	125	100	131	131	222	96	126	25	32	2	7
03	桃園縣	034508	縣立大竹國中	43	13	15	15	"1,282"	673	609	205	169	218	228	250	212	411	204	207	24	71	2	11
03	桃園縣	034509	縣立大園國中	64	17	23	24	"1,903"	"1,001"	902	264	230	365	322	372	350	651	344	307	49	93	3	10
03	桃園縣	034510	縣立竹圍國中	21	7	7	7	687	362	325	121	110	119	105	122	110	213	117	96	23	26	3	6
03	桃園縣	034511	縣立大溪國中	45	14	15	16	"1,278"	633	645	203	190	207	213	223	242	503	257	246	35	65	1	9
03	桃園縣	034513	縣立仁和國中	72	23	25	24	"2,162"	"1,166"	996	373	286	391	369	402	341	734	383	351	54	105	5	8
03	桃園縣	034515	縣立大崗國中	38	12	13	13	"1,048"	565	483	181	136	188	170	196	177	336	152	184	30	58	1	11
03	桃園縣	034516	縣立八德國中	46	16	15	15	"1,269"	668	601	217	202	223	193	228	206	413	220	193	36	73	2	9
03	桃園縣	034517	縣立大成國中	72	25	23	24	"2,348"	"1,188"	"1,160"	438	369	369	398	381	393	753	410	343	47	116	3	10
03	桃園縣	034518	縣立中壢國中	49	15	18	16	"1,418"	792	626	224	171	293	238	275	217	452	216	236	27	92	-	12
03	桃園縣	034520	縣立平南國中	54	17	19	18	"1,586"	844	742	251	232	301	240	292	270	534	295	239	22	101	2	11
03	桃園縣	034521	縣立新明國中	30	9	10	11	910	476	434	150	128	161	149	165	157	279	149	130	22	51	1	9
03	桃園縣	034522	縣立內壢國中	82	27	28	27	"2,666"	"1,400"	"1,266"	393	387	511	429	496	450	939	513	426	47	133	4	10
03	桃園縣	034523	縣立大崙國中	30	10	10	10	850	445	405	152	122	147	144	146	139	301	156	145	19	50	2	8
03	桃園縣	034524	縣立龍岡國中	54	18	18	18	"1,689"	860	829	280	270	281	286	299	273	528	263	265	39	87	3	9
03	桃園縣	034525	縣立興南國中	24	8	8	8	604	315	289	81	74	114	102	120	113	213	119	94	17	52	4	5
03	桃園縣	034526	縣立自強國中	68	20	24	24	"1,993"	"1,059"	934	313	260	371	349	375	325	601	301	300	43	115	2	11
03	桃園縣	034527	縣立東興國中	84	28	28	28	"2,657"	"1,341"	"1,316"	422	398	438	484	481	434	888	471	417	46	138	1	14
03	桃園縣	034528	縣立楊梅國中	62	18	22	22	"1,601"	832	769	223	227	283	289	326	253	569	250	319	38	115	2	13
03	桃園縣	034529	縣立仁美國中	17	4	7	6	353	199	154	58	42	76	56	65	56	124	69	55	13	27	5	4
03	桃園縣	034530	縣立富岡國中	11	3	4	4	271	161	110	42	20	67	45	52	45	101	49	52	9	21	-	5
03	桃園縣	034531	縣立瑞原國中	17	6	5	6	374	200	174	76	60	55	48	69	66	104	62	42	15	25	-	7
03	桃園縣	034533	縣立觀音國中	15	5	5	5	353	189	164	60	56	69	55	60	53	127	76	51	15	23	3	2
03	桃園縣	034534	縣立草漯國中	25	9	8	8	712	363	349	133	117	112	113	118	119	210	105	105	18	39	4	4
03	桃園縣	034535	縣立新屋國中	40	13	14	13	"1,140"	584	556	180	153	217	191	187	212	394	193	201	29	62	2	10
03	桃園縣	034536	縣立大坡國中	9	3	3	3	212	119	93	36	32	40	29	43	32	62	29	33	9	15	1	3
03	桃園縣	034537	縣立永安國中	9	3	3	3	228	104	124	29	35	40	41	35	48	83	41	42	10	14	2	3
03	桃園縣	034538	縣立龍潭國中	44	14	15	15	"1,280"	669	611	223	180	239	202	207	229	422	209	213	26	71	2	10
03	桃園縣	034539	縣立凌雲國中	37	11	13	13	988	511	477	152	133	173	166	186	178	374	202	172	22	66	2	9
03	桃園縣	034540	縣立石門國中	32	10	10	12	930	487	443	151	129	161	130	175	184	305	150	155	18	55	1	8
03	桃園縣	034541	縣立介壽國中	10	3	4	3	203	116	87	36	30	41	35	39	22	80	36	44	13	12	1	4
03	桃園縣	034542	縣立慈文國中	71	20	25	26	"2,078"	"1,097"	981	302	253	387	354	408	374	621	319	302	56	97	4	9
03	桃園縣	034543	縣立平興國中	69	20	24	25	"2,053"	"1,053"	"1,000"	282	288	368	345	403	367	736	381	355	43	108	7	7
03	桃園縣	034544	縣立楊明國中	31	10	10	11	921	476	445	143	139	154	138	179	168	271	127	144	25	46	1	9
03	桃園縣	034545	縣立龍興國中	35	11	12	12	"1,005"	510	495	155	142	187	161	168	192	316	172	144	25	55	4	7
03	桃園縣	034546	縣立福豐國中	54	17	18	19	"1,562"	825	737	241	229	272	237	312	271	512	252	260	38	92	2	10
03	桃園縣	034549	縣立東安國中	25	7	10	8	682	342	340	86	100	118	129	138	111	212	125	87	19	39	1	8
03	桃園縣	034550	縣立光明國中	67	21	23	23	"2,052"	"1,024"	"1,028"	305	310	355	372	364	346	666	331	335	40	107	2	11
03	桃園縣	034551	縣立同德國中	57	19	19	19	"1,996"	"1,037"	959	316	313	364	308	357	338	644	313	331	30	102	3	9
03	桃園縣	034552	縣立幸福國中	23	8	8	7	620	331	289	106	86	119	95	106	108	176	89	87	12	42	1	7
03	桃園縣	034554	縣立大有國中	50	15	17	18	"1,499"	774	725	202	215	273	244	299	266	511	264	247	33	78	3	10
03	桃園縣	034555	縣立龜山國中	53	18	17	18	"1,640"	858	782	280	227	298	266	280	289	537	298	239	33	91	4	8
03	桃園縣	034556	縣立會稽國中	29	9	10	10	805	418	387	134	125	135	126	149	136	237	129	108	18	48	1	8
03	桃園縣	034557	縣立楊光國中(小)	21	7	7	7	634	322	312	108	93	100	115	114	104	226	130	96	14	36	3	6
03	桃園縣	034559	縣立迴龍國中(小)	11	4	3	4	227	133	94	42	32	39	24	52	38	99	59	40	9	19	4	3
03	桃園縣	034560	縣立平鎮國中	70	21	24	25	"2,060"	"1,072"	988	313	285	357	320	402	383	711	345	366	40	123	1	13
03	桃園縣	034561	縣立武漢國中	28	8	10	10	810	444	366	112	116	164	120	168	130	274	149	125	15	49	2	7
03	桃園縣	034562	縣立經國國中	21	6	7	8	604	318	286	92	82	105	104	121	100	244	133	111	17	32	1	7
03	桃園縣	034563	縣立過嶺國中	32	11	11	10	"1,023"	557	466	189	145	201	161	167	160	370	193	177	28	44	2	8
03	桃園縣	034564	縣立瑞坪國中	36	11	13	12	"1,014"	550	464	159	137	206	166	185	161	334	189	145	22	60	3	7
03	桃園縣	034565	縣立青埔國中	8	8	-	-	223	111	112	111	112	-	-	-	-	-	-	-	8	13	-	3
04	新竹縣	041501	私立康乃薾國中(小)	6	2	2	2	192	84	108	32	41	27	38	25	29	57	26	31	12	11	2	4
04	新竹縣	044501	縣立竹東國中	50	15	17	18	"1,416"	713	703	216	205	252	225	245	273	448	232	216	24	95	2	13
04	新竹縣	044502	縣立二重國中	28	10	10	8	791	422	369	147	127	151	128	124	114	240	116	124	16	51	1	7
04	新竹縣	044503	縣立員東國中	10	3	4	3	214	112	102	38	22	35	41	39	39	67	33	34	7	17	-	4
04	新竹縣	044504	縣立關西國中	22	6	8	8	552	336	216	103	52	121	77	112	87	196	104	92	19	39	2	6
04	新竹縣	044505	縣立石光國中	7	2	3	2	124	65	59	15	17	31	18	19	24	45	27	18	7	11	1	3
04	新竹縣	044506	縣立富光國中	14	6	4	4	323	178	145	82	51	59	53	37	41	76	34	42	10	26	1	5
04	新竹縣	044507	縣立新埔國中	23	8	7	8	651	321	330	98	111	106	95	117	124	221	115	106	17	39	1	8
04	新竹縣	044508	縣立照門國中	8	3	2	3	176	98	78	27	31	33	20	38	27	58	28	30	8	12	1	3
04	新竹縣	044509	縣立竹北國中	56	16	21	19	"1,515"	785	730	221	206	295	263	269	261	538	293	245	30	102	4	11
04	新竹縣	044510	縣立鳳岡國中	10	3	3	4	235	122	113	42	26	32	36	48	51	77	37	40	6	17	-	4
04	新竹縣	044511	縣立六家國中	12	4	4	4	302	146	156	54	54	52	48	40	54	76	40	36	7	20	-	4
04	新竹縣	044512	縣立芎林國中	19	6	6	7	466	232	234	66	71	76	89	90	74	154	75	79	11	37	-	8
04	新竹縣	044513	縣立新豐國中	30	9	10	11	779	409	370	109	103	138	139	162	128	258	138	120	19	54	2	8
04	新竹縣	044514	縣立精華國中	5	2	1	2	95	47	48	13	15	13	9	21	24	53	30	23	5	8	2	2
04	新竹縣	044515	縣立橫山國中	9	3	3	3	223	116	107	36	39	39	31	41	37	73	39	34	7	14	-	4
04	新竹縣	044516	縣立華山國中	6	2	2	2	112	65	47	23	12	19	19	23	16	42	23	19	7	8	1	3
04	新竹縣	044517	縣立寶山國中	15	5	5	5	330	162	168	59	41	43	57	60	70	116	59	57	7	29	-	5
04	新竹縣	044518	縣立北埔國中	11	3	4	4	276	138	138	36	36	54	47	48	55	84	42	42	7	19	-	5
04	新竹縣	044519	縣立峨眉國中	4	1	1	2	76	50	26	16	5	17	7	17	14	24	14	10	3	9	-	3
04	新竹縣	044521	縣立新湖國中	31	10	11	10	905	485	420	138	142	185	135	162	143	279	138	141	21	49	-	10
04	新竹縣	044522	縣立中正國中	12	4	4	4	352	197	155	68	51	70	49	59	55	105	56	49	4	26	2	3
04	新竹縣	044523	縣立五峰國中	4	1	2	1	86	48	38	15	8	17	19	16	11	28	19	9	4	7	3	1
04	新竹縣	044524	縣立尖石國中	10	3	4	3	231	111	120	40	31	36	48	35	41	75	45	30	14	13	2	2
04	新竹縣	044525	縣立忠孝國中	34	10	12	12	"1,033"	531	502	153	137	187	183	191	182	304	146	158	16	60	1	9
04	新竹縣	044526	縣立博愛國中	33	11	11	11	937	495	442	161	137	170	148	164	157	281	147	134	17	62	1	6
04	新竹縣	044527	縣立仁愛國中	42	15	14	13	"1,259"	657	602	237	211	211	206	209	185	433	216	217	21	78	1	9
04	新竹縣	044528	縣立自強國中	48	14	17	17	"1,412"	725	687	212	194	259	237	254	256	487	271	216	21	99	4	10
04	新竹縣	044529	縣立成功國中	50	17	17	16	"1,440"	755	685	277	215	227	256	251	214	443	250	193	23	97	-	9
05	苗栗縣	054501	縣立苗栗國中	19	6	6	7	405	227	178	77	56	70	51	80	71	137	67	70	23	35	2	5
05	苗栗縣	054502	縣立大倫國中	28	8	10	10	782	428	354	116	95	154	113	158	146	271	137	134	24	45	1	7
05	苗栗縣	054503	縣立明仁國中	51	16	18	17	"1,427"	724	703	241	201	244	258	239	244	497	254	243	44	77	2	9
05	苗栗縣	054504	縣立頭屋國中	10	3	4	3	225	110	115	37	30	35	49	38	36	64	41	23	16	12	-	3
05	苗栗縣	054505	縣立公館國中	39	12	13	14	"1,109"	541	568	158	181	177	192	206	195	370	184	186	30	63	-	10
05	苗栗縣	054506	縣立鶴岡國中	10	3	3	4	205	120	85	43	26	39	25	38	34	58	37	21	3	21	-	3
05	苗栗縣	054507	縣立文林國中	19	6	7	6	491	265	226	86	71	83	82	96	73	128	59	69	14	31	4	2
05	苗栗縣	054510	縣立致民國中	16	5	6	5	412	210	202	54	74	79	66	77	62	96	42	54	11	26	2	5
05	苗栗縣	054511	縣立通霄國中	24	8	8	8	610	304	306	108	101	97	106	99	99	209	96	113	23	36	3	5
05	苗栗縣	054512	縣立南和國中	6	2	2	2	106	53	53	14	18	19	20	20	15	51	32	19	6	9	-	3
05	苗栗縣	054513	縣立烏眉國中	10	4	3	3	237	138	99	51	30	49	32	38	37	62	33	29	5	20	-	2
05	苗栗縣	054514	縣立啟新國中	5	1	2	2	102	54	48	14	15	22	15	18	18	38	20	18	7	6	-	3
05	苗栗縣	054515	縣立西湖國中	6	2	2	2	146	82	64	29	17	28	26	25	21	48	26	22	6	9	2	1
05	苗栗縣	054516	縣立頭份國中	34	11	12	11	957	512	445	173	152	167	158	172	135	251	130	121	19	62	1	6
05	苗栗縣	054518	縣立文英國中	10	3	4	3	267	141	126	41	35	56	45	44	46	98	51	47	6	20	-	3
05	苗栗縣	054519	縣立竹南國中	46	15	16	15	"1,324"	645	679	223	210	222	224	200	245	361	197	164	35	74	-	9
05	苗栗縣	054520	縣立照南國中	51	16	17	18	"1,490"	785	705	255	219	257	218	273	268	478	264	214	32	83	1	11
05	苗栗縣	054521	縣立三灣國中	10	3	3	4	253	133	120	41	39	42	39	50	42	77	41	36	10	18	-	4
05	苗栗縣	054522	縣立南庄國中	9	3	3	3	231	132	99	41	33	51	32	40	34	65	37	28	13	11	2	2
05	苗栗縣	054523	縣立造橋國中	9	2	4	3	241	122	119	29	28	48	45	45	46	86	51	35	9	18	-	3
05	苗栗縣	054524	縣立大西國中	8	2	3	3	195	101	94	20	32	42	32	39	30	55	28	27	6	15	1	2
05	苗栗縣	054525	縣立後龍國中	13	4	4	5	330	183	147	64	37	54	47	65	63	76	38	38	9	20	1	3
05	苗栗縣	054526	縣立維真國中	30	9	10	11	770	379	391	112	115	134	146	133	130	253	130	123	26	48	2	6
05	苗栗縣	054527	縣立大湖國中	10	3	3	4	242	120	122	35	35	33	56	52	31	80	40	40	8	16	1	4
05	苗栗縣	054528	縣立南湖國中	7	3	2	2	193	102	91	42	34	31	31	29	26	50	24	26	8	12	-	3
05	苗栗縣	054529	縣立獅潭國中	3	1	1	1	68	40	28	14	11	11	8	15	9	24	14	10	1	7	-	3
05	苗栗縣	054531	縣立泰安國中(小)	3	1	1	1	26	13	13	2	5	7	5	4	3	18	13	5	4	5	1	3
05	苗栗縣	054532	縣立建國國中	47	14	17	16	"1,278"	668	610	192	183	235	226	241	201	445	209	236	33	69	2	7
05	苗栗縣	054534	縣立福興武術國中(小)	6	2	2	2	90	71	19	22	9	26	6	23	4	24	17	7	5	10	2	4
06	臺中市	064501	市立豐原國中	52	16	19	17	"1,379"	706	673	209	211	253	255	244	207	468	225	243	41	82	1	9
06	臺中市	064502	市立豐東國中	73	23	25	25	"2,205"	"1,135"	"1,070"	341	350	394	351	400	369	788	416	372	52	113	1	12
06	臺中市	064503	市立豐南國中	71	21	25	25	"2,159"	"1,072"	"1,087"	310	314	367	385	395	388	805	410	395	53	110	3	11
06	臺中市	064504	市立潭子國中	30	8	11	11	876	465	411	126	108	154	145	185	158	296	153	143	19	51	3	5
06	臺中市	064505	市立大雅國中	61	18	21	22	"1,663"	839	824	248	232	290	288	301	304	593	302	291	53	100	-	10
06	臺中市	064506	市立神岡國中	28	10	9	9	804	417	387	149	128	133	127	135	132	237	125	112	18	46	3	6
06	臺中市	064507	市立后里國中	35	10	12	13	995	503	492	141	141	183	159	179	192	332	185	147	31	50	1	8
06	臺中市	064509	市立外埔國中	26	8	10	8	678	358	320	103	99	139	129	116	92	217	122	95	23	39	1	7
06	臺中市	064510	市立大甲國中	63	19	23	21	"1,761"	914	847	284	246	312	315	318	286	536	265	271	51	98	4	7
06	臺中市	064511	市立日南國中	35	11	12	12	995	513	482	162	155	175	162	176	165	359	188	171	23	58	1	9
06	臺中市	064512	市立大安國中	12	3	4	5	284	149	135	31	25	53	48	65	62	114	48	66	11	17	-	7
06	臺中市	064513	市立清水國中	77	25	26	26	"2,287"	"1,164"	"1,123"	371	368	387	372	406	383	712	351	361	52	101	2	11
06	臺中市	064514	市立清泉國中	22	7	7	8	532	293	239	89	74	95	81	109	84	172	90	82	21	34	5	2
06	臺中市	064515	市立沙鹿國中	60	21	19	20	"1,680"	901	779	294	266	305	248	302	265	615	312	303	45	90	2	10
06	臺中市	064516	市立梧棲國中	32	11	10	11	875	415	460	129	143	129	146	157	171	259	135	124	32	42	2	7
06	臺中市	064517	市立龍井國中	25	8	8	9	680	335	345	101	109	113	115	121	121	206	113	93	20	39	1	7
06	臺中市	064518	市立四箴國中	36	11	13	12	967	477	490	151	145	161	181	165	164	310	144	166	23	63	3	5
06	臺中市	064519	市立大道國中	54	16	19	19	"1,459"	775	684	236	208	268	237	271	239	473	256	217	41	89	3	8
06	臺中市	064520	市立烏日國中	16	5	6	5	408	188	220	63	69	70	69	55	82	116	56	60	11	28	-	6
06	臺中市	064521	市立溪南國中	15	5	5	5	409	205	204	63	63	70	71	72	70	144	77	67	14	19	2	5
06	臺中市	064522	市立霧峰國中	25	8	9	8	672	332	340	93	102	124	110	115	128	242	122	120	17	42	1	6
06	臺中市	064523	市立光復國中(小)	32	10	11	11	"1,051"	576	475	199	136	194	174	183	165	281	152	129	30	42	2	7
06	臺中市	064525	市立太平國中	46	13	17	16	"1,297"	689	608	191	172	262	236	236	200	453	223	230	31	73	1	9
06	臺中市	064526	市立中平國中	42	11	15	16	"1,116"	571	545	151	149	207	186	213	210	391	204	187	36	63	3	7
06	臺中市	064527	市立石岡國中	20	6	7	7	531	290	241	84	82	107	71	99	88	235	130	105	15	32	2	6
06	臺中市	064529	市立東勢國中	48	15	16	17	"1,406"	729	677	225	209	220	235	284	233	517	261	256	42	70	4	8
06	臺中市	064530	市立東華國中	9	3	3	3	165	88	77	31	25	25	27	32	25	47	23	24	9	15	1	3
06	臺中市	064531	市立東新國中	12	4	4	4	234	120	114	39	37	36	36	45	41	67	36	31	7	24	3	3
06	臺中市	064532	市立成功國中	71	21	26	24	"2,041"	"1,048"	993	317	279	366	379	365	335	743	383	360	39	104	3	10
06	臺中市	064533	市立和平國中	6	2	2	2	72	29	43	9	11	8	14	12	18	19	11	8	8	7	2	2
06	臺中市	064534	市立北勢國中	21	7	7	7	583	340	243	101	78	113	83	126	82	211	122	89	20	32	2	5
06	臺中市	064535	市立鹿寮國中	32	10	11	11	918	473	445	139	128	155	166	179	151	287	139	148	20	52	-	8
06	臺中市	064537	市立光榮國中	78	23	27	28	"2,292"	"1,181"	"1,111"	331	326	386	392	464	393	819	400	419	60	120	-	14
06	臺中市	064538	市立潭秀國中	55	17	18	20	"1,585"	791	794	255	221	247	270	289	303	525	260	265	38	88	4	7
06	臺中市	064539	市立順天國中	45	15	15	15	"1,219"	646	573	197	185	221	200	228	188	414	191	223	32	70	1	7
06	臺中市	064540	市立清海國中	6	2	2	2	140	67	73	24	20	20	29	23	24	60	30	30	10	5	1	4
06	臺中市	064541	市立大華國中	68	22	23	23	"2,057"	"1,074"	983	312	331	414	320	348	332	681	367	314	50	107	2	10
06	臺中市	064543	市立新光國中	57	17	19	21	"1,672"	869	803	254	238	294	272	321	293	668	356	312	34	92	3	9
06	臺中市	064544	市立光正國中	31	9	11	11	883	437	446	125	123	150	169	162	154	296	144	152	24	46	1	8
06	臺中市	064545	市立豐陽國中	30	9	11	10	796	403	393	128	115	138	149	137	129	227	107	120	30	43	1	7
06	臺中市	064546	市立光德國中	47	15	16	16	"1,428"	728	700	200	222	261	227	267	251	493	252	241	34	73	2	11
06	臺中市	064547	市立立新國中	24	7	7	10	611	336	275	88	77	112	90	136	108	179	99	80	21	39	2	6
06	臺中市	064548	市立爽文國中	46	14	15	17	"1,346"	690	656	183	198	237	213	270	245	522	258	264	28	74	2	10
06	臺中市	064549	市立公明國中	12	4	4	4	301	177	124	59	37	55	36	63	51	102	58	44	15	15	2	3
06	臺中市	064550	市立龍津國中	27	8	10	9	734	373	361	111	103	133	134	129	124	225	112	113	18	48	3	4
06	臺中市	064551	市立神圳國中	26	8	9	9	696	377	319	137	80	104	124	136	115	260	127	133	18	44	3	5
06	臺中市	064552	市立梨山國中(小)	6	2	2	2	60	34	26	10	4	8	14	16	8	16	10	6	4	11	3	1
07	彰化縣	074501	縣立北斗國中	41	12	15	14	"1,204"	609	595	176	177	221	209	212	209	366	183	183	32	63	2	8
07	彰化縣	074502	縣立鹿港國中	62	21	21	20	"1,858"	967	891	312	312	323	297	332	282	610	327	283	46	95	5	9
07	彰化縣	074503	縣立鹿鳴國中	33	11	11	11	924	466	458	144	146	160	165	162	147	277	149	128	36	39	1	7
07	彰化縣	074504	縣立線西國中	20	7	7	6	573	304	269	107	92	100	101	97	76	213	106	107	20	25	1	7
07	彰化縣	074505	縣立陽明國中	72	23	24	25	"2,044"	"1,050"	994	322	287	342	321	386	386	893	459	434	56	106	4	12
07	彰化縣	074506	縣立彰安國中	41	12	14	15	"1,122"	552	570	161	167	189	189	202	214	424	200	224	31	64	4	9
07	彰化縣	074507	縣立彰德國中	30	10	10	10	826	446	380	128	117	163	132	155	131	292	159	133	15	52	4	9
07	彰化縣	074509	縣立芬園國中	18	6	6	6	492	246	246	79	78	86	83	81	85	131	64	67	16	26	4	4
07	彰化縣	074510	縣立員林國中	57	19	18	20	"1,672"	891	781	301	248	267	268	323	265	508	257	251	44	82	1	12
07	彰化縣	074511	縣立明倫國中	36	10	13	13	"1,016"	537	479	159	131	177	166	201	182	359	199	160	24	58	3	10
07	彰化縣	074512	縣立萬興國中	9	3	3	3	196	110	86	35	29	41	26	34	31	62	29	33	7	16	2	5
07	彰化縣	074514	縣立竹塘國中	27	8	9	10	767	411	356	117	97	143	120	151	139	228	116	112	29	30	2	6
07	彰化縣	074515	縣立大城國中	15	5	5	5	400	194	206	59	71	72	67	63	68	145	80	65	13	22	3	5
07	彰化縣	074516	縣立草湖國中	16	5	5	6	437	236	201	68	61	78	75	90	65	161	98	63	14	23	2	6
07	彰化縣	074517	縣立芳苑國中	9	3	3	3	223	125	98	38	41	42	34	45	23	45	19	26	9	15	2	2
07	彰化縣	074518	縣立溪湖國中	58	18	20	20	"1,670"	903	767	277	231	319	270	307	266	533	281	252	57	74	1	12
07	彰化縣	074519	縣立埔鹽國中	25	7	9	9	671	341	330	79	108	139	106	123	116	227	110	117	25	29	2	8
07	彰化縣	074520	縣立埔心國中	23	7	8	8	632	349	283	109	75	108	109	132	99	212	111	101	19	34	2	7
07	彰化縣	074521	縣立福興國中	49	14	17	18	"1,417"	766	651	204	194	282	201	280	256	553	295	258	42	66	6	6
07	彰化縣	074522	縣立秀水國中	61	18	21	22	"1,800"	909	891	268	273	306	309	335	309	616	319	297	40	94	2	11
07	彰化縣	074524	縣立伸港國中	43	14	14	15	"1,284"	686	598	195	202	233	192	258	204	460	242	218	43	50	3	10
07	彰化縣	074525	縣立大村國中	24	7	9	8	668	342	326	106	86	125	110	111	130	250	122	128	20	35	2	7
07	彰化縣	074526	縣立花壇國中	33	11	11	11	916	449	467	152	142	150	155	147	170	289	149	140	28	48	2	10
07	彰化縣	074527	縣立永靖國中	45	14	16	15	"1,310"	706	604	226	177	247	217	233	210	439	229	210	39	59	3	10
07	彰化縣	074529	縣立二水國中	10	3	4	3	287	169	118	54	35	66	43	49	40	81	35	46	11	14	2	4
07	彰化縣	074530	縣立社頭國中	43	12	15	16	"1,282"	624	658	167	185	219	229	238	244	449	229	220	34	60	4	9
07	彰化縣	074531	縣立田尾國中	31	10	11	10	862	448	414	140	125	155	162	153	127	312	153	159	19	50	3	7
07	彰化縣	074532	縣立溪州國中	18	6	6	6	524	274	250	93	76	94	86	87	88	164	81	83	21	19	1	7
07	彰化縣	074533	縣立溪陽國中	12	4	4	4	342	176	166	61	59	57	52	58	55	115	53	62	11	19	1	6
07	彰化縣	074534	縣立埤頭國中	35	11	11	13	997	550	447	187	128	170	135	193	184	324	161	163	29	48	3	8
07	彰化縣	074535	縣立和群國中	32	10	11	11	878	454	424	144	138	154	132	156	154	244	132	112	30	42	3	6
07	彰化縣	074536	縣立大同國中	85	24	30	31	"2,518"	"1,268"	"1,250"	335	360	463	435	470	455	895	458	437	63	123	4	13
07	彰化縣	074537	縣立原斗國中	6	2	2	2	115	56	59	16	20	22	22	18	17	44	23	21	6	10	1	3
07	彰化縣	074538	縣立彰興國中	54	18	18	18	"1,837"	960	877	296	281	332	305	332	291	565	299	266	42	82	3	10
07	彰化縣	074540	縣立彰泰國中	69	22	23	24	"2,411"	"1,293"	"1,118"	403	347	404	410	486	361	663	344	319	38	113	2	9
07	彰化縣	074541	縣立信義國中(小)	16	5	6	5	440	243	197	70	56	89	74	84	67	134	63	71	14	22	2	7
08	南投縣	081502	私立均頭國中(小)	13	4	4	5	428	296	132	94	38	93	47	109	47	146	104	42	9	17	4	4
08	南投縣	084501	縣立南投國中	45	13	16	16	"1,288"	667	621	180	184	239	202	248	235	492	246	246	40	66	6	8
08	南投縣	084502	縣立南崗國中	43	13	15	15	"1,167"	600	567	182	153	198	228	220	186	360	172	188	44	53	2	9
08	南投縣	084503	縣立中興國中	64	22	20	22	"1,818"	974	844	342	272	312	270	320	302	541	306	235	45	95	2	12
08	南投縣	084504	縣立鳳鳴國中	6	2	2	2	131	58	73	18	26	19	23	21	24	29	21	8	9	5	-	3
08	南投縣	084505	縣立埔里國中	61	19	21	21	"1,672"	895	777	255	232	296	265	344	280	627	336	291	48	92	1	13
08	南投縣	084506	縣立大成國中	27	8	9	10	733	401	332	117	94	147	110	137	128	257	131	126	23	40	3	6
08	南投縣	084507	縣立宏仁國中	36	12	12	12	"1,125"	568	557	195	187	184	184	189	186	316	174	142	34	52	2	8
08	南投縣	084508	縣立草屯國中	57	19	19	19	"1,617"	811	806	247	278	279	247	285	281	489	258	231	38	91	3	10
08	南投縣	084510	縣立日新國中	13	4	4	5	359	199	160	53	47	64	47	82	66	118	69	49	10	19	-	7
08	南投縣	084511	縣立竹山國中	28	9	10	9	801	435	366	128	117	150	133	157	116	273	157	116	30	41	-	9
08	南投縣	084512	縣立延和國中	33	10	12	11	944	483	461	150	125	173	171	160	165	320	177	143	30	46	3	9
08	南投縣	084513	縣立社寮國中	5	1	2	2	99	49	50	17	8	18	19	14	23	47	22	25	4	8	-	2
08	南投縣	084514	縣立瑞竹國中	3	1	1	1	73	33	40	8	10	12	15	13	15	25	17	8	6	6	-	2
08	南投縣	084515	縣立集集國中	10	3	4	3	232	109	123	24	36	52	49	33	38	86	44	42	10	16	1	5
08	南投縣	084516	縣立名間國中	20	6	7	7	556	315	241	90	82	106	88	119	71	204	96	108	21	27	2	7
08	南投縣	084517	縣立三光國中	12	4	4	4	268	155	113	46	41	56	34	53	38	86	48	38	14	16	2	3
08	南投縣	084518	縣立鹿谷國中	9	3	3	3	210	95	115	28	34	23	39	44	42	72	32	40	10	14	1	4
08	南投縣	084519	縣立瑞峰國中	3	1	1	1	45	20	25	5	5	8	12	7	8	21	13	8	3	8	2	1
08	南投縣	084520	縣立中寮國中	8	2	3	3	187	107	80	31	20	37	35	39	25	41	22	19	7	11	2	4
08	南投縣	084521	縣立爽文國中	6	2	2	2	117	62	55	23	15	17	17	22	23	32	18	14	9	8	-	2
08	南投縣	084522	縣立魚池國中	9	3	3	3	224	119	105	33	32	43	33	43	40	62	26	36	4	19	1	5
08	南投縣	084523	縣立明潭國中	3	1	1	1	37	26	11	11	3	10	3	5	5	10	3	7	5	7	-	3
08	南投縣	084524	縣立國姓國中	12	4	4	4	298	167	131	61	46	50	39	56	46	97	52	45	14	16	1	4
08	南投縣	084525	縣立北梅國中	6	2	2	2	83	43	40	14	15	15	13	14	12	29	15	14	4	10	-	3
08	南投縣	084526	縣立北山國中	7	3	2	2	148	85	63	30	26	33	17	22	20	40	23	17	8	8	1	2
08	南投縣	084527	縣立水里國中	19	6	7	6	550	279	271	84	74	100	105	95	92	181	85	96	18	30	3	5
08	南投縣	084528	縣立民和國中	6	2	2	2	131	64	67	20	18	27	20	17	29	40	12	28	6	13	2	1
08	南投縣	084529	縣立信義國中	6	2	2	2	122	61	61	17	27	17	25	27	9	31	19	12	6	11	1	2
08	南投縣	084530	縣立同富國中	8	2	3	3	192	113	79	24	21	45	24	44	34	83	45	38	11	13	1	5
08	南投縣	084531	縣立仁愛國中	6	2	2	2	126	68	58	29	25	18	14	21	19	44	19	25	8	9	2	5
08	南投縣	084532	縣立營北國中	23	7	9	7	651	320	331	92	89	123	127	105	115	332	172	160	16	33	3	6
09	雲林縣	091502	私立淵明國中	30	10	10	10	866	526	340	168	116	180	110	178	114	284	168	116	28	34	1	6
09	雲林縣	091503	私立東南國中(代用)	54	18	18	18	"1,551"	60	"1,491"	21	471	19	507	20	513	535	24	511	50	59	2	10
09	雲林縣	091505	私立福智國中	14	6	4	4	556	269	287	111	124	86	82	72	81	147	76	71	7	26	6	7
09	雲林縣	094502	縣立東明國中	15	5	5	5	428	223	205	75	70	73	55	75	80	142	64	78	16	29	1	7
09	雲林縣	094503	縣立大埤國中	15	4	6	5	401	205	196	58	61	75	60	72	75	142	66	76	14	21	1	7
09	雲林縣	094504	縣立飛沙國中	11	3	4	4	267	139	128	35	36	54	51	50	41	81	49	32	8	20	3	1
09	雲林縣	094505	縣立四湖國中	9	2	3	4	240	131	109	25	34	48	40	58	35	72	35	37	10	14	2	2
09	雲林縣	094506	縣立水林國中	15	5	5	5	411	225	186	73	64	82	61	70	61	130	70	60	14	23	3	5
09	雲林縣	094508	縣立二崙國中	27	9	9	9	760	459	301	140	88	147	117	172	96	241	143	98	23	39	4	6
09	雲林縣	094509	縣立褒忠國中	9	3	3	3	230	126	104	43	33	36	35	47	36	81	56	25	13	10	2	2
09	雲林縣	094510	縣立莿桐國中	19	5	7	7	535	300	235	68	65	117	87	115	83	162	97	65	16	29	2	6
09	雲林縣	094511	縣立崙背國中	28	9	9	10	794	424	370	121	101	148	126	155	143	303	168	135	24	40	-	11
09	雲林縣	094512	縣立古坑國中	14	4	5	5	330	169	161	51	43	67	61	51	57	102	51	51	14	22	1	6
09	雲林縣	094513	縣立東勢國中	12	4	4	4	307	175	132	51	44	60	39	64	49	100	46	54	13	16	2	5
09	雲林縣	094514	縣立元長國中	12	4	4	4	306	166	140	53	46	64	44	49	50	101	56	45	11	19	3	4
09	雲林縣	094515	縣立斗六國中	68	22	23	23	"2,041"	"1,072"	969	323	307	364	325	385	337	690	360	330	55	99	-	14
09	雲林縣	094516	縣立雲林國中	40	11	14	15	"1,118"	562	556	134	144	201	186	227	226	366	189	177	27	66	2	12
09	雲林縣	094517	縣立虎尾國中	15	5	5	5	372	206	166	63	58	69	56	74	52	142	85	57	15	23	1	7
09	雲林縣	094518	縣立崇德國中	44	14	16	14	"1,340"	717	623	217	207	263	208	237	208	382	215	167	38	62	1	11
09	雲林縣	094519	縣立西螺國中	27	8	9	10	755	712	43	210	11	249	19	253	13	231	222	9	35	30	2	8
09	雲林縣	094520	縣立北港國中	26	8	8	10	707	362	345	105	108	120	108	137	129	275	152	123	27	31	2	8
09	雲林縣	094521	縣立建國國中	45	13	17	15	"1,337"	696	641	189	192	249	241	258	208	458	251	207	38	62	3	9
09	雲林縣	094522	縣立宜梧國中	6	2	2	2	154	70	84	23	30	18	27	29	27	72	47	25	6	11	-	3
09	雲林縣	094523	縣立口湖國中	13	4	5	4	302	142	160	38	56	54	43	50	61	86	43	43	14	17	2	4
09	雲林縣	094524	縣立臺西國中	15	5	5	5	459	231	228	63	65	80	80	88	83	160	81	79	17	21	2	5
09	雲林縣	094525	縣立土庫國中	32	10	11	11	914	478	436	136	133	169	148	173	155	273	130	143	28	44	2	9
09	雲林縣	094526	縣立蔦松國中	12	4	4	4	241	112	129	45	38	31	44	36	47	66	34	32	10	19	2	6
09	雲林縣	094527	縣立東和國中	12	4	4	4	322	157	165	50	46	49	58	58	61	122	65	57	11	18	-	8
09	雲林縣	094528	縣立馬光國中	15	5	5	5	389	251	138	89	42	86	47	76	49	111	61	50	11	27	2	5
09	雲林縣	094529	縣立石榴國中	14	4	5	5	388	185	203	44	64	62	63	79	76	152	78	74	18	15	3	5
09	雲林縣	094530	縣立林內國中	12	4	4	4	319	185	134	66	45	53	42	66	47	84	51	33	13	17	2	3
09	雲林縣	094543	縣立東仁國中	15	5	5	5	506	233	273	73	86	77	98	83	89	179	79	100	13	25	2	5
09	雲林縣	094544	縣立樟湖生態國中(小)	5	2	2	1	74	48	26	23	13	14	10	11	3	3	1	2	5	8	2	2
10	嘉義縣	104501	縣立朴子國中	32	10	11	11	961	-	961	-	294	-	338	-	329	340	-	340	21	52	2	8
10	嘉義縣	104502	縣立東石國中	35	11	12	12	"1,006"	982	24	319	8	319	14	344	2	301	299	2	24	57	1	9
10	嘉義縣	104503	縣立布袋國中	9	3	3	3	192	93	99	28	27	34	40	31	32	51	29	22	11	14	1	2
10	嘉義縣	104504	縣立過溝國中	9	3	3	3	258	146	112	55	38	45	33	46	41	90	54	36	10	14	-	3
10	嘉義縣	104505	縣立大林國中	32	10	11	11	877	459	418	155	123	156	154	148	141	285	161	124	25	50	3	6
10	嘉義縣	104506	縣立新港國中	54	18	18	18	"1,717"	929	788	277	250	304	292	348	246	555	289	266	44	81	3	8
10	嘉義縣	104507	縣立民雄國中	65	20	23	22	"1,814"	962	852	292	260	359	305	311	287	588	307	281	48	95	1	11
10	嘉義縣	104508	縣立大吉國中	15	5	5	5	448	240	208	80	59	70	89	90	60	122	66	56	11	25	-	3
10	嘉義縣	104509	縣立六嘉國中	12	4	4	4	257	138	119	46	42	61	38	31	39	70	40	30	9	19	2	2
10	嘉義縣	104511	縣立太保國中	20	6	7	7	466	263	203	74	73	98	61	91	69	168	87	81	17	31	1	6
10	嘉義縣	104512	縣立嘉新國中	14	4	5	5	385	190	195	47	61	74	60	69	74	109	52	57	20	15	1	3
10	嘉義縣	104513	縣立溪口國中	10	3	3	4	224	125	99	39	31	38	31	48	37	73	36	37	9	17	-	4
10	嘉義縣	104514	縣立鹿草國中	13	5	4	4	369	192	177	56	57	66	51	70	69	126	65	61	13	18	1	3
10	嘉義縣	104515	縣立東榮國中	9	3	3	3	212	130	82	38	27	37	30	55	25	71	35	36	11	13	-	3
10	嘉義縣	104516	縣立水上國中	27	8	9	10	702	346	356	86	124	125	114	135	118	211	108	103	26	38	4	5
10	嘉義縣	104517	縣立忠和國中	17	6	6	5	457	243	214	71	70	93	71	79	73	160	80	80	13	30	2	4
10	嘉義縣	104518	縣立中埔國中	24	7	8	9	600	318	282	91	89	102	105	125	88	239	114	125	20	38	1	6
10	嘉義縣	104520	縣立昇平國中	9	3	3	3	240	138	102	42	24	49	38	47	40	98	53	45	8	13	1	4
10	嘉義縣	104521	縣立義竹國中	20	6	7	7	578	318	260	96	80	114	102	108	78	145	75	70	17	31	1	4
10	嘉義縣	104522	縣立民和國中	11	3	4	4	208	131	77	33	22	48	34	50	21	70	40	30	13	28	1	4
10	嘉義縣	104523	縣立梅山國中	16	6	5	5	382	202	180	56	58	75	57	71	65	116	54	62	15	24	1	4
10	嘉義縣	104524	縣立大埔國中	3	1	1	1	70	31	39	12	14	10	11	9	14	26	13	13	6	5	-	2
10	嘉義縣	104526	縣立阿里山國中(小)	3	1	1	1	74	30	44	10	7	12	18	8	19	23	17	6	5	6	1	4
11	臺南市	111501	私立城光國中	3	1	1	1	45	33	12	4	3	19	4	10	5	30	23	7	7	3	2	3
11	臺南市	111502	私立昭明國中(代用)	27	9	9	9	861	473	388	152	117	140	139	181	132	373	201	172	26	29	4	5
11	臺南市	114501	市立仁德國中	33	10	11	12	901	512	389	141	123	182	132	189	134	321	167	154	16	60	2	7
11	臺南市	114502	市立仁德文賢國中	11	3	4	4	282	140	142	38	37	50	46	52	59	84	50	34	10	14	-	4
11	臺南市	114503	市立歸仁國中	68	21	24	23	"1,958"	"1,037"	921	322	263	348	328	367	330	740	379	361	45	103	2	11
11	臺南市	114504	市立關廟國中	31	9	12	10	860	449	411	129	116	158	176	162	119	276	154	122	17	49	1	8
11	臺南市	114505	市立永康國中	74	23	26	25	"2,156"	"1,077"	"1,079"	329	319	353	367	395	393	736	361	375	47	116	-	14
11	臺南市	114508	市立龍崎國中	3	1	1	1	57	37	20	10	6	16	4	11	10	20	14	6	4	5	-	3
11	臺南市	114509	市立新化國中	39	11	13	15	"1,048"	544	504	134	138	198	189	212	177	399	212	187	26	61	3	8
11	臺南市	114510	市立善化國中	33	10	12	11	922	485	437	153	119	178	153	154	165	268	134	134	22	48	3	6
11	臺南市	114511	市立玉井國中	15	4	5	6	415	206	209	61	59	70	79	75	71	151	92	59	8	28	3	4
11	臺南市	114512	市立山上國中	6	2	2	2	114	61	53	17	19	22	17	22	17	40	24	16	10	5	-	4
11	臺南市	114513	市立安定國中	24	8	8	8	690	344	346	112	110	102	121	130	115	212	97	115	22	29	2	6
11	臺南市	114514	市立楠西國中	9	3	3	3	231	118	113	28	30	43	37	47	46	73	41	32	14	7	1	4
11	臺南市	114515	市立新市國中	31	9	10	12	864	416	448	122	135	139	146	155	167	272	126	146	25	46	-	9
11	臺南市	114516	市立南化國中	6	2	2	2	109	60	49	15	15	19	15	26	19	36	20	16	8	7	-	4
11	臺南市	114517	市立左鎮國中	3	1	1	1	64	36	28	6	5	15	13	15	10	29	17	12	4	5	1	2
11	臺南市	114518	市立麻豆國中	47	13	17	17	"1,280"	632	648	170	181	209	213	253	254	466	215	251	39	70	2	10
11	臺南市	114519	市立下營國中	17	5	7	5	432	216	216	67	70	83	74	66	72	154	80	74	16	22	2	5
11	臺南市	114520	市立六甲國中	23	7	8	8	585	269	316	94	87	72	113	103	116	195	88	107	18	37	2	6
11	臺南市	114521	市立官田國中	7	2	2	3	173	82	91	21	29	30	25	31	37	60	31	29	5	12	2	3
11	臺南市	114522	市立大內國中	9	3	3	3	198	111	87	34	27	35	30	42	30	69	35	34	13	10	1	5
11	臺南市	114523	市立佳里國中	58	17	20	21	"1,593"	807	786	220	211	287	294	300	281	509	260	249	48	84	3	10
11	臺南市	114524	市立佳興國中	8	2	3	3	182	91	91	22	26	33	34	36	31	72	42	30	11	8	2	3
11	臺南市	114525	市立學甲國中	22	7	7	8	538	281	257	83	76	108	84	90	97	198	105	93	18	32	2	6
11	臺南市	114526	市立西港國中	16	4	6	6	411	205	206	60	39	74	83	71	84	93	46	47	12	25	-	7
11	臺南市	114527	市立將軍國中	8	3	3	2	205	99	106	34	39	39	37	26	30	52	21	31	7	15	-	6
11	臺南市	114528	市立後港國中	3	1	1	1	65	30	35	13	6	7	16	10	13	19	15	4	4	5	-	4
11	臺南市	114529	市立竹橋國中	6	2	2	2	127	72	55	25	19	23	17	24	19	37	13	24	5	10	2	2
11	臺南市	114530	市立北門國中	6	2	2	2	157	75	82	26	24	28	26	21	32	47	24	23	6	9	1	4
11	臺南市	114531	市立南新國中	54	16	18	20	"1,439"	692	747	190	218	229	244	273	285	509	238	271	38	82	3	10
11	臺南市	114532	市立太子國中	4	2	1	1	83	40	43	13	15	19	10	8	18	24	12	12	4	7	-	4
11	臺南市	114533	市立新東國中	47	15	15	17	"1,383"	705	678	202	230	224	215	279	233	498	246	252	32	75	1	11
11	臺南市	114534	市立鹽水國中	16	5	6	5	414	194	220	62	68	72	78	60	74	126	70	56	14	20	-	7
11	臺南市	114535	市立白河國中	24	8	8	8	666	346	320	105	98	116	105	125	117	229	118	111	20	35	3	6
11	臺南市	114536	市立柳營國中	5	2	2	1	114	59	55	20	18	20	22	19	15	27	15	12	7	6	-	4
11	臺南市	114537	市立東山國中	9	3	3	3	210	113	97	37	27	39	37	37	33	78	36	42	12	9	2	3
11	臺南市	114538	市立東原國中	11	4	4	3	231	140	91	48	39	49	35	43	17	49	29	20	8	17	2	4
11	臺南市	114539	市立後壁國中	12	4	4	4	266	156	110	46	37	55	32	55	41	76	38	38	10	18	1	4
11	臺南市	114540	市立菁寮國中	4	1	2	1	98	40	58	8	18	15	27	17	13	31	13	18	4	7	3	2
11	臺南市	114543	市立大橋國中	57	17	20	20	"1,672"	895	777	253	220	326	265	316	292	585	306	279	39	79	1	12
11	臺南市	114544	市立沙崙國中	8	2	3	3	187	111	76	33	19	42	25	36	32	57	26	31	3	19	2	3
12	高雄市	124501	市立鳳山國中	75	24	25	26	"2,383"	"1,224"	"1,159"	354	365	413	383	457	411	751	397	354	46	125	2	14
12	高雄市	124503	市立鳳西國中	78	21	27	30	"2,184"	"1,165"	"1,019"	322	254	379	363	464	402	826	416	410	54	126	4	12
12	高雄市	124504	市立五甲國中	54	13	19	22	"1,582"	797	785	191	204	282	255	324	326	639	327	312	42	88	3	12
12	高雄市	124505	市立鳳甲國中	58	18	20	20	"1,844"	987	857	291	245	349	282	347	330	583	296	287	39	96	2	12
12	高雄市	124506	市立忠孝國中	16	5	6	5	375	231	144	62	45	91	42	78	57	124	68	56	12	30	2	6
12	高雄市	124507	市立大寮國中	43	13	14	16	"1,170"	589	581	195	162	182	184	212	235	391	197	194	36	74	3	10
12	高雄市	124508	市立潮寮國中	10	3	4	3	258	132	126	37	37	55	44	40	45	78	39	39	16	14	2	3
12	高雄市	124509	市立大樹國中	35	11	12	12	"1,039"	529	510	173	133	177	179	179	198	321	170	151	26	54	2	8
12	高雄市	124510	市立溪埔國中	9	3	3	3	231	110	121	38	36	40	38	32	47	60	30	30	8	17	1	3
12	高雄市	124512	市立鳥松國中	14	4	5	5	353	196	157	55	43	65	54	76	60	122	70	52	14	21	3	4
12	高雄市	124514	市立大社國中	30	10	11	9	855	473	382	149	138	171	122	153	122	270	144	126	18	51	1	6
12	高雄市	124515	市立岡山國中	61	19	21	21	"1,749"	903	846	262	286	296	281	345	279	549	288	261	48	94	3	10
12	高雄市	124516	市立前峰國中	47	13	16	18	"1,375"	677	698	193	175	217	234	267	289	467	236	231	47	58	3	10
12	高雄市	124517	市立永安國中	13	4	4	5	326	173	153	45	45	60	49	68	59	124	57	67	9	22	2	4
12	高雄市	124518	市立橋頭國中	36	11	13	12	"1,017"	576	441	178	117	183	176	215	148	312	156	156	34	52	3	8
12	高雄市	124519	市立梓官國中	30	10	10	10	804	411	393	111	130	147	135	153	128	270	135	135	19	51	2	6
12	高雄市	124520	市立燕巢國中	26	7	9	10	711	399	312	105	97	138	117	156	98	217	115	102	20	40	1	8
12	高雄市	124521	市立阿蓮國中	39	12	12	15	"1,081"	563	518	167	167	184	159	212	192	343	183	160	34	59	3	7
12	高雄市	124523	市立湖內國中	17	5	6	6	489	239	250	70	68	91	87	78	95	143	67	76	9	34	-	7
12	高雄市	124524	市立茄萣國中	22	6	8	8	538	287	251	98	61	99	96	90	94	169	82	87	19	33	2	8
12	高雄市	124525	市立田寮國中	3	1	1	1	69	40	29	12	10	15	12	13	7	22	14	8	3	8	-	3
12	高雄市	124526	市立彌陀國中	22	7	8	7	590	293	297	102	89	98	108	93	100	180	82	98	14	38	2	5
12	高雄市	124527	市立旗山國中	42	14	14	14	"1,149"	592	557	193	187	186	174	213	196	371	175	196	38	66	3	6
12	高雄市	124528	市立圓富國中	9	3	3	3	222	102	120	27	40	35	43	40	37	75	44	31	12	12	-	3
12	高雄市	124529	市立大洲國中	5	2	2	1	112	65	47	28	20	20	17	17	10	24	11	13	8	8	1	2
12	高雄市	124530	市立美濃國中	16	5	6	5	436	246	190	84	49	81	80	81	61	133	80	53	16	24	2	5
12	高雄市	124531	市立南隆國中	19	6	6	7	516	275	241	85	67	81	93	109	81	161	78	83	21	24	1	5
12	高雄市	124532	市立龍肚國中	8	2	3	3	196	112	84	31	20	34	31	47	33	57	32	25	7	15	1	4
12	高雄市	124534	市立寶來國中	3	1	1	1	55	35	20	8	7	15	5	12	8	18	7	11	6	7	2	1
12	高雄市	124535	市立杉林國中	11	3	4	4	260	131	129	38	40	40	49	53	40	74	40	34	13	17	3	3
12	高雄市	124536	市立內門國中	10	3	3	4	246	128	118	35	40	45	30	48	48	69	31	38	11	16	-	4
12	高雄市	124537	市立甲仙國中	6	2	2	2	134	76	58	16	19	29	17	31	22	47	28	19	7	12	2	3
12	高雄市	124538	市立中芸國中	15	5	5	5	370	184	186	68	56	58	64	58	66	121	60	61	22	15	2	6
12	高雄市	124539	市立中庄國中	34	10	12	12	947	506	441	127	142	173	163	206	136	309	166	143	28	52	2	7
12	高雄市	124541	市立蚵寮國中	11	3	4	4	269	116	153	30	45	46	46	40	62	77	34	43	14	17	3	1
12	高雄市	124542	市立那瑪夏國中	6	2	2	2	99	43	56	16	16	12	21	15	19	34	13	21	7	11	2	3
12	高雄市	124543	市立青年國中	62	21	20	21	"1,891"	995	896	332	274	298	289	365	333	640	308	332	34	108	1	13
12	高雄市	124544	市立一甲國中	20	6	7	7	537	291	246	69	74	111	84	111	88	170	93	77	20	28	-	7
12	高雄市	124545	市立大灣國中	42	13	15	14	"1,253"	653	600	213	170	226	217	214	213	395	191	204	31	64	-	9
12	高雄市	124546	市立嘉興國中	11	3	4	4	277	145	132	44	42	52	44	49	46	75	44	31	12	21	2	3
12	高雄市	124547	市立茂林國中	3	1	1	1	60	22	38	8	7	7	17	7	14	18	8	10	5	6	-	3
12	高雄市	124548	市立桃源國中	6	2	2	2	57	25	32	9	7	7	13	9	12	20	10	10	7	12	-	3
12	高雄市	124549	市立中崙國中	10	3	3	4	212	113	99	34	26	29	32	50	41	76	38	38	8	19	-	8
12	高雄市	124550	市立鳳翔國中	14	7	7	-	475	249	226	122	108	127	118	-	-	-	-	-	15	19	1	3
13	屏東縣	131501	私立南榮國中(代用)	33	11	11	11	"1,373"	682	691	214	230	218	232	250	229	467	266	201	22	45	5	7
13	屏東縣	134501	縣立明正國中	87	25	31	31	"2,516"	"1,241"	"1,275"	325	390	453	456	463	429	803	409	394	60	125	1	11
13	屏東縣	134502	縣立中正國中	72	22	23	27	"2,025"	"1,090"	935	325	279	347	288	418	368	779	399	380	54	102	3	8
13	屏東縣	134503	縣立公正國中	19	6	6	7	461	235	226	68	54	78	80	89	92	207	104	103	13	30	1	6
13	屏東縣	134505	縣立鶴聲國中	30	9	11	10	878	485	393	142	114	176	152	167	127	301	176	125	27	39	2	6
13	屏東縣	134506	縣立至正國中	33	10	11	12	"1,000"	540	460	172	131	180	147	188	182	279	152	127	24	46	1	5
13	屏東縣	134507	縣立長治國中	17	6	5	6	391	196	195	58	53	60	69	78	73	138	74	64	14	24	-	5
13	屏東縣	134508	縣立麟洛國中	14	4	5	5	346	217	129	54	32	83	55	80	42	98	57	41	9	22	1	4
13	屏東縣	134509	縣立九如國中	25	8	8	9	704	376	328	101	113	132	102	143	113	248	123	125	27	28	1	6
13	屏東縣	134510	縣立里港國中	31	9	11	11	932	500	432	149	115	163	164	188	153	281	150	131	24	43	2	4
13	屏東縣	134511	縣立鹽埔國中	19	6	7	6	526	252	274	82	90	88	92	82	92	178	98	80	18	23	2	5
13	屏東縣	134512	縣立高樹國中	16	5	5	6	429	220	209	67	75	64	65	89	69	161	71	90	11	25	1	4
13	屏東縣	134513	縣立高泰國中	9	3	3	3	254	152	102	37	42	54	32	61	28	66	40	26	9	11	-	4
13	屏東縣	134514	縣立內埔國中	28	8	10	10	837	428	409	139	104	136	160	153	145	323	154	169	27	35	1	8
13	屏東縣	134515	縣立崇文國中	21	6	8	7	569	293	276	88	88	98	94	107	94	168	82	86	21	27	2	5
13	屏東縣	134516	縣立竹田國中	8	2	3	3	192	112	80	28	24	39	31	45	25	65	28	37	4	15	1	3
13	屏東縣	134517	縣立潮州國中	42	12	14	16	"1,239"	641	598	194	177	218	197	229	224	388	185	203	33	53	2	8
13	屏東縣	134518	縣立光春國中	19	6	7	6	494	253	241	80	60	90	89	83	92	183	103	80	16	27	2	4
13	屏東縣	134519	縣立萬巒國中	22	7	7	8	603	325	278	102	85	113	80	110	113	231	113	118	13	36	3	4
13	屏東縣	134520	縣立新埤國中	4	1	1	2	74	36	38	8	17	11	6	17	15	29	17	12	4	7	1	1
13	屏東縣	134522	縣立萬丹國中	37	11	13	13	"1,044"	545	499	144	150	195	189	206	160	359	187	172	31	50	2	8
13	屏東縣	134523	縣立新園國中	28	8	10	10	752	381	371	92	117	146	127	143	127	232	121	111	21	43	3	4
13	屏東縣	134525	縣立林邊國中	28	8	9	11	775	398	377	112	111	123	127	163	139	227	124	103	27	33	1	6
13	屏東縣	134526	縣立南州國中	12	4	4	4	303	143	160	55	58	43	50	45	52	97	52	45	10	18	1	3
13	屏東縣	134527	縣立佳冬國中	12	4	4	4	314	170	144	46	44	69	42	55	58	108	55	53	13	16	-	5
13	屏東縣	134528	縣立琉球國中	11	4	4	3	284	131	153	53	49	40	54	38	50	78	47	31	11	14	2	4
13	屏東縣	134530	縣立車城國中	15	5	5	5	409	216	193	73	56	68	67	75	70	140	67	73	18	15	1	4
13	屏東縣	134531	縣立恆春國中	38	12	13	13	"1,085"	567	518	178	155	212	184	177	179	315	137	178	40	42	2	5
13	屏東縣	134532	縣立滿州國中	7	2	3	2	165	87	78	23	26	35	28	29	24	58	25	33	5	13	-	2
13	屏東縣	134533	縣立瑪家國中	10	3	3	4	267	144	123	39	31	41	44	64	48	82	47	35	11	11	1	2
13	屏東縣	134535	縣立泰武國中	6	2	2	2	131	61	70	20	20	21	20	20	30	39	26	13	8	7	-	2
13	屏東縣	134536	縣立牡丹國中	3	1	1	1	75	33	42	10	11	14	11	9	20	20	10	10	6	4	2	2
13	屏東縣	134537	縣立獅子國中	3	1	1	1	75	39	36	12	12	15	11	12	13	34	16	18	6	3	-	2
13	屏東縣	134538	縣立東新國中	24	8	8	8	595	316	279	108	91	111	97	97	91	186	104	82	17	32	1	6
13	屏東縣	134542	縣立萬新國中	26	8	9	9	715	356	359	110	99	109	123	137	137	254	126	128	27	27	1	6
14	臺東縣	141501	私立均一國中(小)	6	2	2	2	162	95	67	39	22	32	28	24	17	47	32	15	7	6	7	5
14	臺東縣	144501	縣立新生國中	66	22	22	22	"1,833"	942	891	286	317	320	284	336	290	643	307	336	52	98	2	12
14	臺東縣	144502	縣立東海國中	46	14	16	16	"1,317"	687	630	228	163	204	245	255	222	430	200	230	30	70	5	10
14	臺東縣	144503	縣立寶桑國中	21	6	8	7	524	257	267	66	85	104	91	87	91	135	65	70	20	32	2	7
14	臺東縣	144504	縣立卑南國中	15	4	5	6	359	202	157	55	45	75	53	72	59	115	59	56	17	21	2	6
14	臺東縣	144505	縣立豐田國中	12	4	4	4	235	131	104	39	33	42	30	50	41	87	47	40	13	18	2	6
14	臺東縣	144506	縣立知本國中	13	4	4	5	281	143	138	36	51	43	39	64	48	91	51	40	11	22	3	4
14	臺東縣	144507	縣立初鹿國中	6	2	2	2	120	67	53	24	15	17	15	26	23	35	18	17	9	9	-	4
14	臺東縣	144508	縣立鹿野國中	8	2	3	3	168	78	90	15	26	28	28	35	36	48	25	23	11	12	2	3
14	臺東縣	144509	縣立瑞源國中	3	1	1	1	44	20	24	5	6	5	10	10	8	15	7	8	5	5	-	3
14	臺東縣	144510	縣立關山國中	18	5	6	7	489	247	242	70	74	85	83	92	85	180	91	89	21	20	4	5
14	臺東縣	144511	縣立池上國中	9	3	3	3	251	123	128	40	42	41	43	42	43	70	34	36	7	17	-	5
14	臺東縣	144512	縣立大王國中	10	3	4	3	215	110	105	43	29	24	31	43	45	96	45	51	9	18	2	5
14	臺東縣	144513	縣立賓茂國中	6	2	3	1	101	49	52	16	19	26	22	7	11	18	7	11	8	8	3	1
14	臺東縣	144514	縣立大武國中	10	4	3	3	230	125	105	43	39	43	30	39	36	88	38	50	9	15	4	4
14	臺東縣	144515	縣立都蘭國中	6	2	2	2	110	63	47	19	18	21	13	23	16	41	17	24	5	12	1	4
14	臺東縣	144516	縣立泰源國中	7	2	2	3	132	103	29	33	9	32	9	38	11	34	21	13	6	13	3	2
14	臺東縣	144517	縣立新港國中	15	4	6	5	356	165	191	45	55	54	60	66	76	131	61	70	13	21	2	7
14	臺東縣	144518	縣立長濱國中	6	2	2	2	145	67	78	20	29	24	23	23	26	43	22	21	8	9	-	2
14	臺東縣	144519	縣立桃源國中	3	1	1	1	64	43	21	17	9	8	9	18	3	16	9	7	3	6	2	1
14	臺東縣	144520	縣立海端國中	3	1	1	1	66	30	36	12	12	7	11	11	13	21	13	8	6	5	2	2
14	臺東縣	144521	縣立綠島國中	4	1	1	2	75	35	40	11	8	9	12	15	20	17	9	8	4	8	2	1
15	花蓮縣	154501	縣立玉里國中	29	9	10	10	762	404	358	127	116	120	127	157	115	228	123	105	29	40	4	3
15	花蓮縣	154502	縣立玉東國中	6	2	2	2	110	56	54	21	19	23	22	12	13	28	14	14	11	5	2	3
15	花蓮縣	154503	縣立三民國中	6	2	2	2	115	73	42	30	11	19	18	24	13	35	21	14	6	8	1	3
15	花蓮縣	154504	縣立美崙國中	28	9	10	9	749	410	339	130	97	148	132	132	110	250	143	107	25	42	2	7
15	花蓮縣	154505	縣立花崗國中	51	17	17	17	"1,471"	766	705	229	224	266	232	271	249	520	287	233	35	81	5	10
15	花蓮縣	154506	縣立國風國中	61	19	21	21	"1,743"	894	849	277	273	306	281	311	295	598	314	284	50	94	2	13
15	花蓮縣	154507	縣立秀林國中	13	4	4	5	322	172	150	51	46	55	52	66	52	114	50	64	17	16	2	4
15	花蓮縣	154508	縣立新城國中	18	6	6	6	465	222	243	61	77	79	69	82	97	168	75	93	15	24	3	4
15	花蓮縣	154509	縣立吉安國中	15	5	5	5	396	197	199	60	60	65	70	72	69	143	78	65	12	24	2	6
15	花蓮縣	154510	縣立宜昌國中	34	10	12	12	964	496	468	151	128	177	155	168	185	317	157	160	35	54	3	7
15	花蓮縣	154511	縣立壽豐國中	11	3	4	4	282	149	133	45	39	52	39	52	55	100	51	49	9	16	2	3
15	花蓮縣	154512	縣立平和國中	7	2	3	2	155	79	76	20	20	33	25	26	31	68	38	30	9	9	1	3
15	花蓮縣	154513	縣立光復國中	14	4	5	5	308	170	138	41	35	64	44	65	59	116	67	49	17	20	3	6
15	花蓮縣	154514	縣立富源國中	5	1	2	2	93	48	45	9	10	17	14	22	21	28	15	13	7	7	-	2
15	花蓮縣	154515	縣立鳳林國中	13	4	4	5	300	148	152	48	37	53	49	47	66	146	79	67	15	15	1	7
15	花蓮縣	154516	縣立萬榮國中	6	2	2	2	83	48	35	17	15	11	12	20	8	25	13	12	5	9	1	1
15	花蓮縣	154517	縣立富里國中	10	3	3	4	218	106	112	36	35	29	33	41	44	70	36	34	10	14	3	1
15	花蓮縣	154518	縣立富北國中	6	2	2	2	67	41	26	15	5	18	12	8	9	30	14	16	7	9	1	1
15	花蓮縣	154519	縣立豐濱國中	6	2	2	2	77	37	40	9	10	14	15	14	15	30	17	13	7	10	2	2
15	花蓮縣	154520	縣立瑞穗國中	13	4	4	5	334	178	156	69	45	55	49	54	62	116	50	66	14	16	5	3
15	花蓮縣	154521	縣立東里國中	4	1	1	2	50	24	26	7	7	9	12	8	7	18	6	12	6	6	-	3
15	花蓮縣	154522	縣立自強國中	33	10	11	12	917	454	463	112	153	156	144	186	166	319	173	146	25	54	2	7
15	花蓮縣	154523	縣立化仁國中	16	5	5	6	426	234	192	59	54	77	61	98	77	122	73	49	15	23	3	5
16	澎湖縣	164501	縣立馬公國中	58	17	20	21	"1,597"	845	752	238	233	294	248	313	271	476	264	212	58	76	3	8
16	澎湖縣	164502	縣立中正國中	8	2	3	3	156	81	75	19	31	25	21	37	23	54	23	31	9	11	2	4
16	澎湖縣	164503	縣立澎南國中	6	2	2	2	108	59	49	22	14	19	15	18	20	37	22	15	11	5	1	3
16	澎湖縣	164504	縣立湖西國中	7	2	3	2	175	89	86	28	21	33	35	28	30	65	27	38	10	9	1	4
16	澎湖縣	164505	縣立志清國中	3	1	1	1	34	11	23	3	8	5	8	3	7	11	8	3	3	4	-	1
16	澎湖縣	164506	縣立鎮海國中	3	1	1	1	49	34	15	9	4	14	5	11	6	20	16	4	3	5	1	-
16	澎湖縣	164507	縣立白沙國中	3	1	1	1	59	28	31	13	11	5	9	10	11	23	9	14	5	4	-	1
16	澎湖縣	164508	縣立吉貝國中	3	1	1	1	28	23	5	5	1	9	-	9	4	10	6	4	6	2	-	1
16	澎湖縣	164509	縣立西嶼國中	7	2	3	2	156	81	75	18	22	39	31	24	22	45	22	23	10	7	2	2
16	澎湖縣	164510	縣立望安國中	3	1	1	1	20	11	9	7	3	2	2	2	4	6	1	5	4	6	2	-
16	澎湖縣	164511	縣立將澳國中	3	1	1	1	18	12	6	3	2	5	2	4	2	8	4	4	4	5	1	-
16	澎湖縣	164512	縣立七美國中	3	1	1	1	66	38	28	10	2	13	12	15	14	42	18	24	4	6	2	2
16	澎湖縣	164513	縣立文光國中	16	5	6	5	353	178	175	51	56	72	58	55	61	121	61	60	15	24	4	4
16	澎湖縣	164514	縣立鳥嶼國中	3	1	1	1	23	12	11	5	4	5	4	2	3	5	5	-	5	3	1	-
17	基隆市	173501	市立明德國中	26	7	10	9	675	354	321	97	71	122	122	135	128	224	114	110	19	48	4	6
17	基隆市	173502	市立銘傳國中	46	14	16	16	"1,318"	691	627	196	191	237	219	258	217	480	250	230	38	78	3	9
17	基隆市	173503	市立信義國中	19	5	7	7	442	250	192	64	36	91	76	95	80	149	81	68	8	42	1	8
17	基隆市	173505	市立中正國中	36	11	12	13	"1,024"	511	513	149	156	172	156	190	201	416	211	205	28	59	4	9
17	基隆市	173508	市立南榮國中	9	3	3	3	235	131	104	41	26	43	38	47	40	73	37	36	10	14	2	5
17	基隆市	173509	市立成功國中	17	5	5	7	404	165	239	34	64	51	61	80	114	76	35	41	15	30	1	8
17	基隆市	173510	市立正濱國中	11	3	4	4	248	139	109	44	26	46	42	49	41	83	47	36	8	21	3	6
17	基隆市	173512	市立建德國中	51	15	17	19	"1,453"	745	708	198	200	264	225	283	283	537	268	269	37	87	5	9
17	基隆市	173513	市立百福國中	30	9	11	10	847	426	421	130	103	153	152	143	166	275	145	130	28	44	-	10
17	基隆市	173515	市立碇內國中	28	8	10	10	800	414	386	123	109	141	139	150	138	307	156	151	15	49	-	9
17	基隆市	173516	市立武崙國中	31	10	10	11	907	486	421	129	125	173	137	184	159	297	151	146	25	53	1	7
18	新竹市	181501	私立矽谷國中(小)	5	2	2	1	89	43	46	18	18	10	20	15	8	15	11	4	3	8	1	6
18	新竹市	183501	市立建華國中	31	10	11	10	810	376	434	117	134	153	151	106	149	225	104	121	13	65	1	10
18	新竹市	183502	市立培英國中	75	25	25	25	"2,288"	"1,229"	"1,059"	381	340	408	357	440	362	770	404	366	40	126	2	13
18	新竹市	183503	市立光華國中	76	24	26	26	"2,129"	"1,119"	"1,010"	350	277	372	359	397	374	741	387	354	42	134	1	14
18	新竹市	183504	市立育賢國中	38	12	13	13	941	447	494	144	161	163	160	140	173	269	135	134	21	80	3	7
18	新竹市	183505	市立光武國中	39	12	14	13	"1,219"	688	531	218	171	225	195	245	165	393	213	180	27	75	1	9
18	新竹市	183508	市立南華國中	15	5	5	5	410	218	192	74	68	83	61	61	63	120	64	56	9	28	1	6
18	新竹市	183509	市立富禮國中	7	2	3	2	168	84	84	27	18	32	37	25	29	65	31	34	6	14	1	6
18	新竹市	183510	市立三民國中	75	23	26	26	"2,210"	"1,164"	"1,046"	355	303	416	347	393	396	785	390	395	36	126	3	12
18	新竹市	183511	市立內湖國中	11	3	4	4	251	134	117	31	27	49	41	54	49	63	32	31	7	21	2	5
18	新竹市	183512	市立虎林國中	25	7	9	9	682	347	335	95	95	140	110	112	130	237	132	105	17	40	1	9
18	新竹市	183514	市立新科國中	24	8	8	8	637	337	300	113	89	111	112	113	99	173	101	72	10	46	2	5
18	新竹市	183515	市立竹光國中	30	10	10	10	923	464	459	158	147	152	166	154	146	279	143	136	13	54	-	9
19	臺中市	191503	私立麗澤國中(小)	3	1	2	-	53	31	22	18	10	13	12	-	-	-	-	-	1	7	2	2
19	臺中市	193501	市立居仁國中	79	21	27	31	"2,370"	"1,234"	"1,136"	333	295	398	399	503	442	"1,004"	529	475	52	136	5	11
19	臺中市	193502	市立雙十國中	43	14	15	14	"1,223"	568	655	175	199	211	228	182	228	414	188	226	27	78	4	7
19	臺中市	193504	市立崇倫國中	37	13	12	12	"1,132"	602	530	211	171	198	184	193	175	332	170	162	18	63	1	6
19	臺中市	193505	市立大德國中	26	8	9	9	730	359	371	109	101	109	133	141	137	260	144	116	20	42	1	5
19	臺中市	193506	市立北新國中	67	21	22	24	"1,899"	982	917	291	275	320	308	371	334	695	349	346	45	110	1	14
19	臺中市	193507	市立東峰國中	15	4	6	5	397	212	185	58	50	84	68	70	67	120	65	55	9	30	2	5
19	臺中市	193508	市立黎明國中	47	15	16	16	"1,277"	736	541	205	164	268	176	263	201	424	244	180	48	72	1	12
19	臺中市	193509	市立光明國中	69	21	24	24	"2,102"	"1,018"	"1,084"	282	328	358	351	378	405	704	338	366	48	116	1	13
19	臺中市	193510	市立向上國中	46	14	16	16	"1,276"	722	554	219	150	250	196	253	208	471	264	207	27	88	1	13
19	臺中市	193511	市立育英國中	31	9	11	11	852	432	420	114	115	151	152	167	153	256	138	118	19	56	-	5
19	臺中市	193512	市立四育國中	29	9	9	11	804	445	359	133	105	136	101	176	153	266	151	115	23	49	2	6
19	臺中市	193514	市立五權國中	54	15	19	20	"1,522"	752	770	202	206	265	265	285	299	631	296	335	28	98	1	13
19	臺中市	193516	市立中山國中	23	7	8	8	594	307	287	96	93	104	95	107	99	182	100	82	18	39	2	6
19	臺中市	193517	市立崇德國中	51	17	17	17	"1,796"	903	893	271	273	321	318	311	302	628	309	319	32	77	3	8
19	臺中市	193518	市立立人國中	43	13	15	15	"1,275"	634	641	151	202	230	207	253	232	431	219	212	26	69	2	10
19	臺中市	193519	市立漢口國中	35	11	12	12	"1,028"	533	495	135	143	213	181	185	171	421	209	212	19	65	1	7
19	臺中市	193520	市立安和國中	41	12	14	15	"1,162"	568	594	158	165	196	205	214	224	466	234	232	32	68	1	11
19	臺中市	193521	市立至善國中	37	12	13	12	"1,024"	520	504	164	152	184	173	172	179	349	174	175	20	66	2	5
19	臺中市	193522	市立萬和國中	39	11	15	13	"1,066"	557	509	154	138	204	206	199	165	347	188	159	27	65	1	9
19	臺中市	193523	市立大業國中	48	16	16	16	"1,689"	894	795	256	228	314	287	324	280	560	271	289	34	74	-	12
19	臺中市	193524	市立三光國中	30	8	10	12	829	418	411	110	115	143	136	165	160	319	171	148	17	51	-	8
19	臺中市	193525	市立四張犁國中	30	10	10	10	877	459	418	168	114	147	129	144	175	315	173	142	19	49	2	6
19	臺中市	193526	市立福科國中	49	16	16	17	"1,731"	887	844	274	270	310	283	303	291	605	306	299	29	88	3	8
19	臺中市	193527	市立大墩國中	35	11	12	12	"1,112"	572	540	156	153	202	176	214	211	409	211	198	26	49	1	6
20	嘉義市	203501	市立大業國中	32	9	11	12	948	507	441	124	124	178	160	205	157	374	208	166	29	45	2	10
20	嘉義市	203502	市立北興國中	73	21	25	27	"2,124"	"1,295"	829	338	246	447	264	510	319	763	458	305	54	124	1	15
20	嘉義市	203503	市立嘉義國中	49	14	17	18	"1,446"	61	"1,385"	18	376	17	475	26	534	469	12	457	27	90	2	12
20	嘉義市	203504	市立南興國中	25	9	8	8	733	374	359	118	131	127	125	129	103	200	116	84	18	40	1	7
20	嘉義市	203505	市立民生國中	68	22	22	24	"2,280"	"1,216"	"1,064"	364	279	405	357	447	428	825	441	384	51	106	2	12
20	嘉義市	203506	市立玉山國中	38	12	13	13	"1,136"	623	513	191	143	222	189	210	181	378	189	189	25	62	1	10
20	嘉義市	203507	市立蘭潭國中	24	8	8	8	684	626	58	202	19	211	23	213	16	212	190	22	21	43	3	6
20	嘉義市	203508	市立北園國中	20	6	7	7	612	321	291	92	82	115	99	114	110	175	98	77	19	30	1	6
21	臺南市	213501	市立後甲國中	83	25	29	29	"2,400"	"1,295"	"1,105"	362	357	463	379	470	369	986	531	455	39	138	3	12
21	臺南市	213502	市立忠孝國中	50	15	17	18	"1,389"	737	652	221	191	252	210	264	251	487	252	235	30	76	3	10
21	臺南市	213504	市立大成國中	37	11	14	12	994	533	461	161	128	201	174	171	159	373	189	184	22	62	2	8
21	臺南市	213505	市立金城國中	40	13	13	14	"1,115"	595	520	179	162	194	167	222	191	347	168	179	26	64	-	11
21	臺南市	213506	市立民德國中	75	22	27	26	"2,164"	"1,119"	"1,045"	320	314	392	364	407	367	738	388	350	42	119	3	10
21	臺南市	213507	市立成功國中	6	2	2	2	144	69	75	18	20	20	32	31	23	54	25	29	5	12	1	2
21	臺南市	213508	市立延平國中	19	6	7	6	434	207	227	59	61	71	86	77	80	120	64	56	12	32	1	7
21	臺南市	213509	市立建興國中	58	18	21	19	"1,701"	"1,138"	563	347	182	402	200	389	181	580	413	167	24	105	-	13
21	臺南市	213510	市立中山國中	42	12	14	16	"1,165"	399	766	111	217	139	255	149	294	370	100	270	24	63	1	8
21	臺南市	213511	市立安平國中	49	14	18	17	"1,366"	702	664	209	180	234	248	259	236	479	228	251	34	70	-	11
21	臺南市	213512	市立安南國中	44	14	15	15	"1,276"	654	622	203	204	215	212	236	206	404	230	174	28	68	2	9
21	臺南市	213513	市立安順國中	30	8	11	11	766	365	401	110	109	137	132	118	160	270	151	119	18	49	-	9
21	臺南市	213514	市立復興國中	96	29	34	33	"2,719"	"1,467"	"1,252"	456	346	523	444	488	462	814	430	384	51	156	2	13
21	臺南市	213515	市立新興國中	35	9	12	14	942	482	460	139	111	158	153	185	196	358	177	181	21	54	-	10
21	臺南市	213517	市立文賢國中	33	9	11	13	945	478	467	119	128	174	137	185	202	361	183	178	21	50	-	10
21	臺南市	213518	市立崇明國中	75	22	26	27	"2,068"	"1,134"	934	325	264	400	318	409	352	794	412	382	35	126	3	11
21	臺南市	213519	市立和順國中	35	11	12	12	970	492	478	148	139	152	175	192	164	335	167	168	25	50	3	6
21	臺南市	213520	市立海佃國中	44	14	15	15	"1,270"	655	615	193	189	227	202	235	224	408	221	187	25	65	4	6
30	臺北市	313501	市立介壽國中	70	22	24	24	"1,993"	"1,091"	902	296	266	392	316	403	320	734	392	342	40	121	6	18
30	臺北市	313502	市立民生國中	30	10	10	10	893	441	452	124	134	148	154	169	164	311	157	154	23	52	2	13
30	臺北市	313504	市立中山國中	25	8	8	9	795	390	405	103	136	127	127	160	142	245	108	137	15	49	3	11
30	臺北市	313505	市立敦化國中	72	24	24	24	"2,289"	"1,209"	"1,080"	368	319	411	379	430	382	846	473	373	43	127	4	19
30	臺北市	323502	市立興雅國中	48	16	16	16	"1,520"	799	721	277	248	235	227	287	246	535	299	236	31	85	1	18
30	臺北市	323503	市立永吉國中	32	10	10	12	784	435	349	124	95	156	127	155	127	266	133	133	17	68	-	17
30	臺北市	323504	市立瑠公國中	36	12	12	12	957	503	454	151	102	188	163	164	189	317	178	139	31	57	2	15
30	臺北市	323505	市立信義國中	48	16	16	16	"1,179"	651	528	172	136	225	212	254	180	386	212	174	33	76	4	14
30	臺北市	331502	私立立人國中(小)	5	1	2	2	123	79	44	19	8	30	22	30	14	27	19	8	5	7	4	7
30	臺北市	333501	市立仁愛國中	78	24	27	27	"2,102"	"1,065"	"1,037"	308	265	349	398	408	374	753	388	365	40	139	5	20
30	臺北市	333502	市立大安國中	57	18	19	20	"1,458"	836	622	236	167	290	203	310	252	520	273	247	38	92	3	18
30	臺北市	333504	市立芳和國中	18	6	6	6	384	186	198	52	57	64	69	70	72	143	73	70	19	64	-	13
30	臺北市	333505	市立金華國中	80	27	26	27	"2,380"	"1,228"	"1,152"	392	319	390	404	446	429	831	421	410	45	141	4	20
30	臺北市	333506	市立懷生國中	24	8	8	8	633	316	317	85	76	119	107	112	134	256	139	117	17	45	-	13
30	臺北市	333507	市立民族國中	12	4	4	4	348	187	161	53	50	60	53	74	58	100	47	53	12	24	1	12
30	臺北市	333508	市立龍門國中	48	16	16	16	"1,545"	831	714	259	233	276	229	296	252	502	270	232	25	92	3	17
30	臺北市	343502	市立長安國中	30	8	11	11	713	366	347	104	97	124	105	138	145	258	143	115	20	56	1	13
30	臺北市	343504	市立北安國中	26	8	9	9	676	299	377	80	86	110	160	109	131	246	111	135	17	50	2	12
30	臺北市	343505	市立新興國中	16	5	5	6	338	172	166	40	39	61	56	71	71	120	72	48	17	34	3	10
30	臺北市	343506	市立五常國中	15	4	5	6	346	173	173	56	50	54	58	63	65	121	61	60	13	33	2	9
30	臺北市	343507	市立濱江國中	12	3	4	5	242	134	108	37	32	46	27	51	49	93	43	50	11	29	1	12
30	臺北市	353501	市立螢橋國中	23	7	8	8	568	292	276	68	73	111	89	113	114	230	105	125	23	41	2	11
30	臺北市	353502	市立古亭國中	23	7	8	8	598	296	302	85	100	98	95	113	107	204	98	106	15	47	3	11
30	臺北市	353503	市立南門國中	53	17	18	18	"1,527"	782	745	256	220	270	264	256	261	541	268	273	29	100	1	18
30	臺北市	353504	市立弘道國中	53	17	18	18	"1,503"	773	730	215	223	268	248	290	259	560	289	271	35	88	3	18
30	臺北市	353505	市立中正國中	69	23	23	23	"2,268"	"1,213"	"1,055"	390	363	414	341	409	351	795	423	372	36	126	5	18
30	臺北市	363501	市立建成國中	28	8	10	10	701	345	356	90	85	93	120	162	151	286	141	145	20	51	-	15
30	臺北市	363502	市立忠孝國中	24	8	8	8	740	408	332	121	101	138	114	149	117	274	137	137	23	43	2	12
30	臺北市	363504	市立民權國中	26	9	8	9	703	364	339	123	101	120	123	121	115	250	146	104	18	53	-	14
30	臺北市	363506	市立蘭州國中	9	3	3	3	202	107	95	26	24	46	34	35	37	67	40	27	6	24	2	9
30	臺北市	363507	市立重慶國中	32	10	11	11	838	484	354	152	86	140	113	192	155	313	158	155	22	60	2	15
30	臺北市	373501	市立萬華國中	55	18	18	19	"1,469"	802	667	232	194	291	251	279	222	450	235	215	31	102	7	14
30	臺北市	373503	市立雙園國中	14	4	5	5	296	113	183	42	60	33	60	38	63	113	41	72	12	34	3	10
30	臺北市	373505	市立龍山國中	29	9	10	10	745	400	345	124	99	140	118	136	128	301	146	155	18	56	1	14
30	臺北市	381501	私立靜心國中	18	6	6	6	805	397	408	134	137	128	142	135	129	263	145	118	15	25	2	6
30	臺北市	383501	市立木柵國中	29	9	10	10	814	421	393	118	113	135	134	168	146	302	158	144	27	49	5	9
30	臺北市	383502	市立實踐國中	41	13	14	14	"1,039"	532	507	144	165	177	175	211	167	368	165	203	17	85	2	16
30	臺北市	383503	市立北政國中	12	4	4	4	356	186	170	50	58	68	60	68	52	127	69	58	9	28	1	11
30	臺北市	383504	市立景美國中	41	14	13	14	"1,204"	616	588	202	198	210	188	204	202	416	197	219	26	74	5	13
30	臺北市	383505	市立興福國中	11	4	4	3	228	138	90	41	21	45	37	52	32	81	48	33	10	26	1	10
30	臺北市	383507	市立景興國中	52	17	17	18	"1,503"	796	707	227	208	259	249	310	250	566	312	254	28	96	1	20
30	臺北市	393501	市立誠正國中	41	13	14	14	"1,143"	592	551	177	161	215	171	200	219	372	205	167	33	67	5	13
30	臺北市	393503	市立成德國中	22	6	8	8	545	284	261	77	75	101	77	106	109	168	98	70	25	38	1	12
30	臺北市	403501	市立內湖國中	46	15	15	16	"1,177"	634	543	169	147	219	174	246	222	405	219	186	33	83	4	15
30	臺北市	403502	市立麗山國中	63	21	21	21	"2,085"	"1,088"	997	339	299	376	340	373	358	715	410	305	36	114	2	21
30	臺北市	403503	市立三民國中	30	8	10	12	685	356	329	86	78	121	118	149	133	279	150	129	21	57	-	16
30	臺北市	403504	市立西湖國中	17	5	6	6	394	213	181	58	58	67	49	88	74	134	72	62	15	33	-	12
30	臺北市	403505	市立東湖國中	52	16	18	18	"1,581"	827	754	213	223	298	271	316	260	566	277	289	31	93	3	18
30	臺北市	403506	市立明湖國中	60	20	20	20	"1,906"	987	919	301	297	319	315	367	307	670	362	308	40	104	2	19
30	臺北市	413501	市立士林國中	47	14	16	17	"1,198"	622	576	156	145	222	213	244	218	435	227	208	34	80	1	18
30	臺北市	413502	市立蘭雅國中	50	17	16	17	"1,372"	719	653	224	194	247	231	248	228	459	244	215	31	94	4	15
30	臺北市	413504	市立至善國中	9	3	3	3	183	110	73	44	16	32	34	34	23	57	29	28	11	18	5	8
30	臺北市	413505	市立格致國中	7	2	2	3	102	63	39	15	11	20	12	28	16	46	20	26	12	14	4	7
30	臺北市	413506	市立福安國中	10	3	3	4	229	132	97	39	39	46	30	47	28	56	32	24	12	21	3	8
30	臺北市	413508	市立天母國中	60	20	20	20	"1,708"	934	774	282	227	305	279	347	268	625	353	272	41	101	5	16
30	臺北市	421501	私立奎山國中	6	2	2	2	188	102	86	33	30	38	29	31	27	61	38	23	8	9	2	4
30	臺北市	423501	市立北投國中	57	18	19	20	"1,381"	696	685	207	178	226	248	263	259	561	287	274	47	91	2	17
30	臺北市	423502	市立新民國中	17	5	5	7	334	188	146	51	46	72	53	65	47	118	68	50	18	33	4	9
30	臺北市	423503	市立明德國中	57	18	19	20	"1,432"	740	692	193	170	257	248	290	274	569	283	286	27	107	5	15
30	臺北市	423504	市立桃源國中	14	4	5	5	413	229	184	61	68	91	53	77	63	131	73	58	20	23	1	12
30	臺北市	423505	市立石牌國中	87	29	29	29	"2,780"	"1,433"	"1,347"	436	402	500	461	497	484	909	510	399	53	147	6	18
30	臺北市	423506	市立關渡國中	9	3	3	3	319	156	163	48	53	53	61	55	49	95	56	39	12	20	1	10
50	高雄市	513501	市立鹽埕國中	28	8	9	11	797	423	374	119	112	138	115	166	147	269	125	144	16	52	2	7
50	高雄市	523502	市立壽山國中	15	5	5	5	353	166	187	54	58	65	66	47	63	113	55	58	17	25	1	7
50	高雄市	523503	市立明華國中	54	18	18	18	"1,792"	912	880	301	281	295	295	316	304	610	324	286	31	90	2	11
50	高雄市	523504	市立七賢國中	46	15	16	15	"1,309"	725	584	200	188	255	196	270	200	368	205	163	29	79	2	8
50	高雄市	533501	市立左營國中	70	23	24	23	"2,357"	"1,240"	"1,117"	385	369	461	383	394	365	749	382	367	47	113	3	12
50	高雄市	533502	市立大義國中	29	8	10	11	701	335	366	94	91	114	132	127	143	250	138	112	19	54	4	6
50	高雄市	533503	市立立德國中	16	5	6	5	410	204	206	66	65	76	62	62	79	106	59	47	16	25	1	7
50	高雄市	533504	市立龍華國中	77	24	26	27	"2,467"	"1,287"	"1,180"	373	351	426	412	488	417	831	433	398	39	136	3	14
50	高雄市	533505	市立福山國中	84	27	28	29	"2,821"	"1,453"	"1,368"	466	406	476	480	511	482	914	460	454	49	141	2	14
50	高雄市	543501	市立楠梓國中	63	20	21	22	"1,932"	974	958	301	273	328	335	345	350	634	318	316	37	110	4	9
50	高雄市	543502	市立右昌國中	51	15	17	19	"1,484"	832	652	255	167	269	227	308	258	566	291	275	50	73	-	14
50	高雄市	543503	市立後勁國中	25	7	9	9	621	331	290	89	89	123	89	119	112	207	116	91	13	52	2	7
50	高雄市	543504	市立國昌國中	53	17	18	18	"1,778"	929	849	280	262	314	301	335	286	579	322	257	32	89	1	13
50	高雄市	543505	市立翠屏國中(小)	20	5	8	7	475	258	217	61	51	103	85	94	81	181	81	100	17	33	5	10
50	高雄市	553501	市立鼎金國中	43	13	15	15	"1,114"	531	583	146	183	181	195	204	205	398	187	211	33	69	3	9
50	高雄市	553502	市立三民國中	55	16	19	20	"1,600"	851	749	221	226	289	251	341	272	553	272	281	39	93	4	10
50	高雄市	553503	市立民族國中	38	10	13	15	970	487	483	125	126	156	159	206	198	329	157	172	20	79	2	10
50	高雄市	553504	市立陽明國中	107	35	36	36	"3,451"	"1,786"	"1,665"	542	507	631	538	613	620	"1,184"	607	577	57	180	1	15
50	高雄市	553505	市立正興國中	69	22	24	23	"2,122"	"1,092"	"1,030"	306	324	385	352	401	354	725	377	348	42	121	2	15
50	高雄市	573501	市立前金國中	31	9	10	12	742	347	395	93	117	116	128	138	150	292	144	148	29	52	-	7
50	高雄市	583501	市立苓雅國中	27	9	9	9	705	320	385	99	125	104	119	117	141	234	108	126	18	52	1	9
50	高雄市	583502	市立五福國中	89	29	30	30	"2,748"	"1,472"	"1,276"	451	370	485	461	536	445	968	500	468	38	157	2	15
50	高雄市	583503	市立大仁國中	20	7	6	7	463	264	199	86	58	85	60	93	81	174	105	69	16	40	-	9
50	高雄市	583505	市立英明國中	40	12	13	15	"1,115"	620	495	180	140	195	155	245	200	363	184	179	26	70	3	9
50	高雄市	591501	私立優佳國中	5	1	2	2	68	42	26	15	5	14	12	13	9	18	12	6	3	8	2	2
50	高雄市	593501	市立獅甲國中	27	8	10	9	668	344	324	106	73	114	134	124	117	204	100	104	30	42	3	6
50	高雄市	593502	市立前鎮國中	32	9	12	11	869	441	428	129	118	162	153	150	157	335	162	173	22	55	2	9
50	高雄市	593503	市立瑞豐國中	22	6	7	9	599	304	295	90	80	95	83	119	132	208	100	108	16	40	2	6
50	高雄市	593504	市立光華國中	33	11	11	11	929	463	466	152	155	147	145	164	166	303	140	163	23	67	1	11
50	高雄市	593505	市立興仁國中	13	4	4	5	278	174	104	48	37	60	31	66	36	69	42	27	10	26	1	7
50	高雄市	603501	市立旗津國中	18	7	5	6	474	259	215	77	79	84	68	98	68	126	65	61	19	28	4	5
50	高雄市	613501	市立小港國中	57	15	20	22	"1,591"	849	742	219	205	278	256	352	281	592	291	301	41	94	5	9
50	高雄市	613502	市立鳳林國中	15	4	5	6	329	187	142	56	49	70	46	61	47	111	63	48	15	27	1	7
50	高雄市	613503	市立中山國中	63	21	21	21	"2,041"	"1,094"	947	345	295	361	338	388	314	689	370	319	45	103	6	6
50	高雄市	613504	市立明義國中	43	12	15	16	"1,209"	657	552	172	157	236	189	249	206	354	186	168	30	72	3	7
50	高雄市	613505	市立餐旅國中	9	3	3	3	269	118	151	37	53	45	43	36	55	95	37	58	5	18	-	-
71	金門縣	714501	縣立金城國中	38	12	14	12	"1,104"	577	527	171	176	222	168	184	183	323	173	150	39	50	8	6
71	金門縣	714502	縣立金湖國中	17	7	5	5	448	244	204	94	62	83	57	67	85	142	70	72	19	23	5	7
71	金門縣	714503	縣立金寧國中(小)	7	2	3	2	171	81	90	25	26	35	34	21	30	61	35	26	6	13	5	3
71	金門縣	714504	縣立金沙國中	13	3	5	5	341	172	169	44	44	68	63	60	62	95	48	47	11	20	3	5
71	金門縣	714505	縣立烈嶼國中	6	2	2	2	115	52	63	12	18	21	22	19	23	41	26	15	11	6	2	5
72	連江縣	724501	縣立介壽國中(小)	6	2	2	2	138	73	65	26	24	17	18	30	23	41	22	19	8	6	4	4
72	連江縣	724502	縣立中正國中(小)	3	1	1	1	44	26	18	10	4	7	8	9	6	10	7	3	6	6	1	4
72	連江縣	724503	縣立中山國中	3	1	1	1	48	26	22	2	7	9	6	15	9	23	14	9	6	6	1	4
72	連江縣	724504	縣立敬恆國中(小)	3	1	1	1	14	9	5	5	-	-	1	4	4	9	4	5	2	7	2	2
72	連江縣	724505	縣立東引國中(小)	3	1	1	1	28	18	10	5	4	3	1	10	5	11	4	7	6	4	2	1